Sample in Buffer,Sample in Window,TRIGGER,ads422x_db[11:0]
Radix - UNSIGNED,UNSIGNED,UNSIGNED,SIGNED
0,0,0,9
1,1,0,14
2,2,0,13
3,3,0,18
4,4,0,20
5,5,0,14
6,6,0,16
7,7,0,13
8,8,0,10
9,9,0,14
10,10,0,15
11,11,0,22
12,12,0,15
13,13,0,20
14,14,0,10
15,15,0,14
16,16,0,5
17,17,0,14
18,18,0,18
19,19,0,23
20,20,0,16
21,21,0,17
22,22,0,18
23,23,0,15
24,24,0,22
25,25,0,25
26,26,0,10
27,27,0,19
28,28,0,17
29,29,0,16
30,30,0,8
31,31,0,14
32,32,0,2
33,33,0,17
34,34,0,18
35,35,0,12
36,36,0,5
37,37,0,11
38,38,0,9
39,39,0,2
40,40,0,4
41,41,0,4
42,42,0,5
43,43,0,13
44,44,0,14
45,45,0,14
46,46,0,13
47,47,0,17
48,48,0,11
49,49,0,16
50,50,0,19
51,51,0,4
52,52,0,9
53,53,0,1
54,54,0,-4
55,55,0,17
56,56,0,6
57,57,0,10
58,58,0,10
59,59,0,13
60,60,0,2
61,61,0,10
62,62,0,15
63,63,0,7
64,64,0,3
65,65,0,13
66,66,0,8
67,67,0,3
68,68,0,8
69,69,0,9
70,70,0,14
71,71,0,5
72,72,0,5
73,73,0,15
74,74,0,10
75,75,0,16
76,76,0,17
77,77,0,16
78,78,0,15
79,79,0,20
80,80,0,14
81,81,0,18
82,82,0,14
83,83,0,21
84,84,0,29
85,85,0,24
86,86,0,31
87,87,0,21
88,88,0,18
89,89,0,17
90,90,0,13
91,91,0,8
92,92,0,15
93,93,0,14
94,94,0,17
95,95,0,30
96,96,0,16
97,97,0,19
98,98,0,11
99,99,0,13
100,100,0,6
101,101,0,0
102,102,0,15
103,103,0,23
104,104,0,10
105,105,0,15
106,106,0,12
107,107,0,17
108,108,0,22
109,109,0,14
110,110,0,13
111,111,0,26
112,112,0,18
113,113,0,26
114,114,0,17
115,115,0,13
116,116,0,12
117,117,0,20
118,118,0,19
119,119,0,19
120,120,0,5
121,121,0,4
122,122,0,8
123,123,0,2
124,124,0,10
125,125,0,14
126,126,0,13
127,127,0,18
128,128,0,2
129,129,0,3
130,130,0,2
131,131,0,8
132,132,0,11
133,133,0,2
134,134,0,3
135,135,0,14
136,136,0,8
137,137,0,14
138,138,0,12
139,139,0,8
140,140,0,14
141,141,0,4
142,142,0,3
143,143,0,11
144,144,0,3
145,145,0,14
146,146,0,14
147,147,0,22
148,148,0,8
149,149,0,10
150,150,0,16
151,151,0,5
152,152,0,8
153,153,0,1
154,154,0,12
155,155,0,8
156,156,0,11
157,157,0,10
158,158,0,13
159,159,0,11
160,160,0,13
161,161,0,14
162,162,0,16
163,163,0,11
164,164,0,18
165,165,0,14
166,166,0,16
167,167,0,17
168,168,0,16
169,169,0,2
170,170,0,10
171,171,0,22
172,172,0,19
173,173,0,10
174,174,0,28
175,175,0,23
176,176,0,7
177,177,0,22
178,178,0,1
179,179,0,14
180,180,0,18
181,181,0,7
182,182,0,17
183,183,0,10
184,184,0,12
185,185,0,10
186,186,0,10
187,187,0,23
188,188,0,14
189,189,0,7
190,190,0,10
191,191,0,13
192,192,0,26
193,193,0,13
194,194,0,10
195,195,0,9
196,196,0,11
197,197,0,9
198,198,0,9
199,199,0,12
200,200,0,14
201,201,0,10
202,202,0,6
203,203,0,4
204,204,0,8
205,205,0,6
206,206,0,-4
207,207,0,7
208,208,0,8
209,209,0,9
210,210,0,7
211,211,0,18
212,212,0,11
213,213,0,5
214,214,0,12
215,215,0,8
216,216,0,14
217,217,0,10
218,218,0,10
219,219,0,6
220,220,0,10
221,221,0,3
222,222,0,1
223,223,0,2
224,224,0,13
225,225,0,24
226,226,0,18
227,227,0,22
228,228,0,14
229,229,0,13
230,230,0,28
231,231,0,17
232,232,0,16
233,233,0,26
234,234,0,26
235,235,0,23
236,236,0,12
237,237,0,18
238,238,0,12
239,239,0,16
240,240,0,6
241,241,0,12
242,242,0,8
243,243,0,13
244,244,0,18
245,245,0,19
246,246,0,17
247,247,0,16
248,248,0,17
249,249,0,19
250,250,0,10
251,251,0,19
252,252,0,20
253,253,0,18
254,254,0,14
255,255,0,21
256,256,0,23
257,257,0,19
258,258,0,21
259,259,0,23
260,260,0,4
261,261,0,21
262,262,0,19
263,263,0,13
264,264,0,10
265,265,0,8
266,266,0,1
267,267,0,7
268,268,0,20
269,269,0,14
270,270,0,15
271,271,0,12
272,272,0,-5
273,273,0,5
274,274,0,8
275,275,0,12
276,276,0,4
277,277,0,15
278,278,0,24
279,279,0,12
280,280,0,7
281,281,0,17
282,282,0,19
283,283,0,25
284,284,0,8
285,285,0,10
286,286,0,8
287,287,0,15
288,288,0,0
289,289,0,7
290,290,0,10
291,291,0,8
292,292,0,5
293,293,0,15
294,294,0,3
295,295,0,11
296,296,0,10
297,297,0,1
298,298,0,7
299,299,0,12
300,300,0,4
301,301,0,7
302,302,0,13
303,303,0,7
304,304,0,15
305,305,0,11
306,306,0,14
307,307,0,17
308,308,0,15
309,309,0,16
310,310,0,14
311,311,0,8
312,312,0,8
313,313,0,19
314,314,0,7
315,315,0,21
316,316,0,12
317,317,0,5
318,318,0,10
319,319,0,7
320,320,0,22
321,321,0,17
322,322,0,14
323,323,0,17
324,324,0,19
325,325,0,16
326,326,0,12
327,327,0,17
328,328,0,15
329,329,0,13
330,330,0,24
331,331,0,10
332,332,0,14
333,333,0,12
334,334,0,20
335,335,0,26
336,336,0,17
337,337,0,11
338,338,0,15
339,339,0,13
340,340,0,9
341,341,0,15
342,342,0,11
343,343,0,15
344,344,0,18
345,345,0,11
346,346,0,17
347,347,0,19
348,348,0,13
349,349,0,10
350,350,0,15
351,351,0,8
352,352,0,6
353,353,0,15
354,354,0,15
355,355,0,9
356,356,0,11
357,357,0,13
358,358,0,9
359,359,0,11
360,360,0,5
361,361,0,14
362,362,0,-3
363,363,0,2
364,364,0,16
365,365,0,10
366,366,0,8
367,367,0,7
368,368,0,9
369,369,0,4
370,370,0,9
371,371,0,15
372,372,0,3
373,373,0,5
374,374,0,13
375,375,0,2
376,376,0,-2
377,377,0,22
378,378,0,15
379,379,0,9
380,380,0,17
381,381,0,11
382,382,0,6
383,383,0,15
384,384,0,8
385,385,0,7
386,386,0,7
387,387,0,8
388,388,0,17
389,389,0,6
390,390,0,16
391,391,0,16
392,392,0,16
393,393,0,7
394,394,0,11
395,395,0,16
396,396,0,8
397,397,0,10
398,398,0,13
399,399,0,16
400,400,0,30
401,401,0,24
402,402,0,23
403,403,0,20
404,404,0,18
405,405,0,14
406,406,0,7
407,407,0,20
408,408,0,14
409,409,0,24
410,410,0,25
411,411,0,20
412,412,0,22
413,413,0,14
414,414,0,18
415,415,0,17
416,416,0,24
417,417,0,12
418,418,0,14
419,419,0,20
420,420,0,5
421,421,0,7
422,422,0,9
423,423,0,10
424,424,0,1
425,425,0,1
426,426,0,12
427,427,0,7
428,428,0,16
429,429,0,12
430,430,0,19
431,431,0,16
432,432,0,14
433,433,0,12
434,434,0,2
435,435,0,10
436,436,0,7
437,437,0,10
438,438,0,6
439,439,0,8
440,440,0,6
441,441,0,7
442,442,0,3
443,443,0,5
444,444,0,13
445,445,0,17
446,446,0,12
447,447,0,11
448,448,0,3
449,449,0,8
450,450,0,6
451,451,0,9
452,452,0,13
453,453,0,16
454,454,0,2
455,455,0,5
456,456,0,14
457,457,0,14
458,458,0,14
459,459,0,11
460,460,0,11
461,461,0,18
462,462,0,21
463,463,0,2
464,464,0,13
465,465,0,4
466,466,0,12
467,467,0,12
468,468,0,12
469,469,0,17
470,470,0,4
471,471,0,14
472,472,0,23
473,473,0,16
474,474,0,15
475,475,0,1
476,476,0,7
477,477,0,11
478,478,0,9
479,479,0,15
480,480,0,20
481,481,0,17
482,482,0,16
483,483,0,10
484,484,0,18
485,485,0,22
486,486,0,16
487,487,0,23
488,488,0,20
489,489,0,25
490,490,0,16
491,491,0,15
492,492,0,8
493,493,0,19
494,494,0,19
495,495,0,11
496,496,0,15
497,497,0,18
498,498,0,21
499,499,0,1
500,500,0,6
501,501,0,6
502,502,0,8
503,503,0,16
504,504,0,12
505,505,0,26
506,506,0,10
507,507,0,13
508,508,0,21
509,509,0,16
510,510,0,12
511,511,0,10
512,512,0,13
513,513,0,10
514,514,0,9
515,515,0,12
516,516,0,8
517,517,0,15
518,518,0,14
519,519,0,19
520,520,0,17
521,521,0,4
522,522,0,4
523,523,0,1
524,524,0,1
525,525,0,8
526,526,0,12
527,527,0,9
528,528,0,14
529,529,0,15
530,530,0,3
531,531,0,15
532,532,0,6
533,533,0,26
534,534,0,5
535,535,0,14
536,536,0,8
537,537,0,15
538,538,0,4
539,539,0,-2
540,540,0,-4
541,541,0,2
542,542,0,6
543,543,0,-3
544,544,0,8
545,545,0,11
546,546,0,12
547,547,0,17
548,548,0,20
549,549,0,20
550,550,0,11
551,551,0,11
552,552,0,14
553,553,0,14
554,554,0,20
555,555,0,17
556,556,0,16
557,557,0,17
558,558,0,10
559,559,0,16
560,560,0,17
561,561,0,15
562,562,0,18
563,563,0,17
564,564,0,11
565,565,0,22
566,566,0,10
567,567,0,10
568,568,0,12
569,569,0,27
570,570,0,12
571,571,0,4
572,572,0,18
573,573,0,19
574,574,0,19
575,575,0,13
576,576,0,9
577,577,0,16
578,578,0,10
579,579,0,17
580,580,0,13
581,581,0,22
582,582,0,18
583,583,0,27
584,584,0,24
585,585,0,17
586,586,0,18
587,587,0,13
588,588,0,17
589,589,0,13
590,590,0,11
591,591,0,18
592,592,0,19
593,593,0,11
594,594,0,3
595,595,0,14
596,596,0,7
597,597,0,8
598,598,0,5
599,599,0,5
600,600,0,10
601,601,0,3
602,602,0,-1
603,603,0,15
604,604,0,6
605,605,0,17
606,606,0,3
607,607,0,12
608,608,0,4
609,609,0,4
610,610,0,3
611,611,0,19
612,612,0,12
613,613,0,0
614,614,0,0
615,615,0,6
616,616,0,9
617,617,0,11
618,618,0,11
619,619,0,18
620,620,0,9
621,621,0,10
622,622,0,10
623,623,0,7
624,624,0,12
625,625,0,9
626,626,0,13
627,627,0,21
628,628,0,15
629,629,0,15
630,630,0,3
631,631,0,6
632,632,0,12
633,633,0,16
634,634,0,19
635,635,0,22
636,636,0,15
637,637,0,27
638,638,0,11
639,639,0,15
640,640,0,11
641,641,0,20
642,642,0,9
643,643,0,15
644,644,0,18
645,645,0,6
646,646,0,11
647,647,0,5
648,648,0,7
649,649,0,18
650,650,0,16
651,651,0,23
652,652,0,12
653,653,0,11
654,654,0,11
655,655,0,13
656,656,0,12
657,657,0,17
658,658,0,12
659,659,0,20
660,660,0,12
661,661,0,11
662,662,0,12
663,663,0,3
664,664,0,8
665,665,0,10
666,666,0,14
667,667,0,13
668,668,0,13
669,669,0,2
670,670,0,8
671,671,0,15
672,672,0,16
673,673,0,15
674,674,0,15
675,675,0,25
676,676,0,4
677,677,0,7
678,678,0,7
679,679,0,2
680,680,0,0
681,681,0,4
682,682,0,9
683,683,0,12
684,684,0,9
685,685,0,12
686,686,0,-3
687,687,0,3
688,688,0,6
689,689,0,1
690,690,0,7
691,691,0,5
692,692,0,8
693,693,0,12
694,694,0,8
695,695,0,14
696,696,0,8
697,697,0,0
698,698,0,6
699,699,0,12
700,700,0,10
701,701,0,20
702,702,0,4
703,703,0,9
704,704,0,15
705,705,0,13
706,706,0,8
707,707,0,18
708,708,0,8
709,709,0,16
710,710,0,17
711,711,0,9
712,712,0,13
713,713,0,5
714,714,0,16
715,715,0,12
716,716,0,9
717,717,0,3
718,718,0,13
719,719,0,19
720,720,0,12
721,721,0,20
722,722,0,13
723,723,0,10
724,724,0,10
725,725,0,9
726,726,0,13
727,727,0,23
728,728,0,19
729,729,0,21
730,730,0,15
731,731,0,7
732,732,0,11
733,733,0,14
734,734,0,14
735,735,0,14
736,736,0,17
737,737,0,3
738,738,0,16
739,739,0,22
740,740,0,18
741,741,0,22
742,742,0,13
743,743,0,13
744,744,0,4
745,745,0,11
746,746,0,14
747,747,0,15
748,748,0,11
749,749,0,4
750,750,0,5
751,751,0,17
752,752,0,0
753,753,0,12
754,754,0,5
755,755,0,16
756,756,0,17
757,757,0,13
758,758,0,14
759,759,0,12
760,760,0,22
761,761,0,22
762,762,0,5
763,763,0,6
764,764,0,17
765,765,0,13
766,766,0,16
767,767,0,6
768,768,0,9
769,769,0,1
770,770,0,-1
771,771,0,1
772,772,0,13
773,773,0,10
774,774,0,25
775,775,0,7
776,776,0,14
777,777,0,13
778,778,0,13
779,779,0,2
780,780,0,9
781,781,0,-1
782,782,0,5
783,783,0,11
784,784,0,15
785,785,0,15
786,786,0,6
787,787,0,10
788,788,0,3
789,789,0,9
790,790,0,14
791,791,0,10
792,792,0,14
793,793,0,12
794,794,0,18
795,795,0,18
796,796,0,22
797,797,0,12
798,798,0,18
799,799,0,12
800,800,0,23
801,801,0,20
802,802,0,18
803,803,0,13
804,804,0,14
805,805,0,10
806,806,0,20
807,807,0,10
808,808,0,22
809,809,0,16
810,810,0,16
811,811,0,6
812,812,0,2
813,813,0,7
814,814,0,14
815,815,0,8
816,816,0,11
817,817,0,14
818,818,0,15
819,819,0,15
820,820,0,15
821,821,0,29
822,822,0,22
823,823,0,21
824,824,0,14
825,825,0,19
826,826,0,13
827,827,0,25
828,828,0,13
829,829,0,22
830,830,0,19
831,831,0,4
832,832,0,2
833,833,0,-1
834,834,0,23
835,835,0,10
836,836,0,12
837,837,0,21
838,838,0,23
839,839,0,10
840,840,0,11
841,841,0,10
842,842,0,4
843,843,0,6
844,844,0,4
845,845,0,9
846,846,0,8
847,847,0,9
848,848,0,5
849,849,0,6
850,850,0,4
851,851,0,14
852,852,0,1
853,853,0,15
854,854,0,12
855,855,0,19
856,856,0,11
857,857,0,1
858,858,0,1
859,859,0,15
860,860,0,29
861,861,0,7
862,862,0,22
863,863,0,19
864,864,0,9
865,865,0,-1
866,866,0,1
867,867,0,25
868,868,0,17
869,869,0,4
870,870,0,7
871,871,0,3
872,872,0,13
873,873,0,23
874,874,0,10
875,875,0,15
876,876,0,12
877,877,0,8
878,878,0,8
879,879,0,15
880,880,0,15
881,881,0,7
882,882,0,14
883,883,0,14
884,884,0,17
885,885,0,24
886,886,0,13
887,887,0,22
888,888,0,22
889,889,0,15
890,890,0,22
891,891,0,15
892,892,0,15
893,893,0,11
894,894,0,20
895,895,0,15
896,896,0,11
897,897,0,15
898,898,0,12
899,899,0,12
900,900,0,8
901,901,0,17
902,902,0,17
903,903,0,16
904,904,0,9
905,905,0,10
906,906,0,7
907,907,0,18
908,908,0,3
909,909,0,5
910,910,0,20
911,911,0,20
912,912,0,12
913,913,0,9
914,914,0,4
915,915,0,11
916,916,0,11
917,917,0,11
918,918,0,14
919,919,0,8
920,920,0,7
921,921,0,0
922,922,0,3
923,923,0,6
924,924,0,4
925,925,0,7
926,926,0,3
927,927,0,5
928,928,0,6
929,929,0,15
930,930,0,17
931,931,0,9
932,932,0,20
933,933,0,10
934,934,0,9
935,935,0,-2
936,936,0,1
937,937,0,17
938,938,0,-4
939,939,0,11
940,940,0,14
941,941,0,8
942,942,0,17
943,943,0,17
944,944,0,13
945,945,0,5
946,946,0,0
947,947,0,3
948,948,0,7
949,949,0,12
950,950,0,17
951,951,0,25
952,952,0,13
953,953,0,22
954,954,0,10
955,955,0,6
956,956,0,16
957,957,0,13
958,958,0,12
959,959,0,13
960,960,0,24
961,961,0,20
962,962,0,18
963,963,0,14
964,964,0,16
965,965,0,19
966,966,0,15
967,967,0,22
968,968,0,11
969,969,0,14
970,970,0,11
971,971,0,13
972,972,0,17
973,973,0,13
974,974,0,20
975,975,0,20
976,976,0,25
977,977,0,11
978,978,0,21
979,979,0,18
980,980,0,20
981,981,0,11
982,982,0,6
983,983,0,4
984,984,0,18
985,985,0,10
986,986,0,7
987,987,0,6
988,988,0,15
989,989,0,8
990,990,0,13
991,991,0,18
992,992,0,25
993,993,0,14
994,994,0,20
995,995,0,13
996,996,0,19
997,997,0,18
998,998,0,18
999,999,0,11
1000,1000,0,19
1001,1001,0,7
1002,1002,0,7
1003,1003,0,5
1004,1004,0,4
1005,1005,0,14
1006,1006,0,0
1007,1007,0,16
1008,1008,0,5
1009,1009,0,13
1010,1010,0,6
1011,1011,0,17
1012,1012,0,-3
1013,1013,0,10
1014,1014,0,9
1015,1015,0,3
1016,1016,0,16
1017,1017,0,20
1018,1018,0,18
1019,1019,0,18
1020,1020,0,14
1021,1021,0,17
1022,1022,0,17
1023,1023,0,11
1024,1024,0,3
1025,1025,0,4
1026,1026,0,17
1027,1027,0,12
1028,1028,0,16
1029,1029,0,7
1030,1030,0,7
1031,1031,0,12
1032,1032,0,6
1033,1033,0,16
1034,1034,0,18
1035,1035,0,23
1036,1036,0,17
1037,1037,0,19
1038,1038,0,18
1039,1039,0,20
1040,1040,0,21
1041,1041,0,23
1042,1042,0,12
1043,1043,0,11
1044,1044,0,14
1045,1045,0,18
1046,1046,0,12
1047,1047,0,17
1048,1048,0,17
1049,1049,0,17
1050,1050,0,7
1051,1051,0,18
1052,1052,0,12
1053,1053,0,20
1054,1054,0,16
1055,1055,0,24
1056,1056,0,20
1057,1057,0,18
1058,1058,0,24
1059,1059,0,18
1060,1060,0,17
1061,1061,0,13
1062,1062,0,16
1063,1063,0,18
1064,1064,0,13
1065,1065,0,16
1066,1066,0,16
1067,1067,0,13
1068,1068,0,23
1069,1069,0,19
1070,1070,0,18
1071,1071,0,27
1072,1072,0,14
1073,1073,0,13
1074,1074,0,15
1075,1075,0,14
1076,1076,0,15
1077,1077,0,13
1078,1078,0,18
1079,1079,0,12
1080,1080,0,17
1081,1081,0,4
1082,1082,0,2
1083,1083,0,10
1084,1084,0,7
1085,1085,0,4
1086,1086,0,8
1087,1087,0,9
1088,1088,0,4
1089,1089,0,11
1090,1090,0,18
1091,1091,0,8
1092,1092,0,9
1093,1093,0,9
1094,1094,0,13
1095,1095,0,17
1096,1096,0,18
1097,1097,0,13
1098,1098,0,17
1099,1099,0,4
1100,1100,0,4
1101,1101,0,4
1102,1102,0,13
1103,1103,0,4
1104,1104,0,9
1105,1105,0,12
1106,1106,0,3
1107,1107,0,2
1108,1108,0,2
1109,1109,0,1
1110,1110,0,7
1111,1111,0,6
1112,1112,0,16
1113,1113,0,9
1114,1114,0,12
1115,1115,0,28
1116,1116,0,15
1117,1117,0,7
1118,1118,0,10
1119,1119,0,9
1120,1120,0,14
1121,1121,0,13
1122,1122,0,16
1123,1123,0,23
1124,1124,0,25
1125,1125,0,20
1126,1126,0,18
1127,1127,0,21
1128,1128,0,24
1129,1129,0,16
1130,1130,0,14
1131,1131,0,18
1132,1132,0,11
1133,1133,0,15
1134,1134,0,13
1135,1135,0,11
1136,1136,0,13
1137,1137,0,17
1138,1138,0,17
1139,1139,0,13
1140,1140,0,7
1141,1141,0,13
1142,1142,0,22
1143,1143,0,17
1144,1144,0,7
1145,1145,0,11
1146,1146,0,14
1147,1147,0,10
1148,1148,0,12
1149,1149,0,10
1150,1150,0,10
1151,1151,0,7
1152,1152,0,8
1153,1153,0,19
1154,1154,0,19
1155,1155,0,20
1156,1156,0,12
1157,1157,0,15
1158,1158,0,25
1159,1159,0,10
1160,1160,0,5
1161,1161,0,9
1162,1162,0,8
1163,1163,0,7
1164,1164,0,3
1165,1165,0,14
1166,1166,0,10
1167,1167,0,2
1168,1168,0,12
1169,1169,0,1
1170,1170,0,12
1171,1171,0,3
1172,1172,0,16
1173,1173,0,17
1174,1174,0,7
1175,1175,0,1
1176,1176,0,1
1177,1177,0,3
1178,1178,0,8
1179,1179,0,14
1180,1180,0,10
1181,1181,0,7
1182,1182,0,13
1183,1183,0,8
1184,1184,0,13
1185,1185,0,7
1186,1186,0,13
1187,1187,0,7
1188,1188,0,18
1189,1189,0,11
1190,1190,0,9
1191,1191,0,11
1192,1192,0,3
1193,1193,0,12
1194,1194,0,8
1195,1195,0,18
1196,1196,0,26
1197,1197,0,23
1198,1198,0,12
1199,1199,0,22
1200,1200,0,15
1201,1201,0,27
1202,1202,0,11
1203,1203,0,19
1204,1204,0,20
1205,1205,0,20
1206,1206,0,14
1207,1207,0,26
1208,1208,0,17
1209,1209,0,15
1210,1210,0,17
1211,1211,0,12
1212,1212,0,14
1213,1213,0,18
1214,1214,0,17
1215,1215,0,12
1216,1216,0,17
1217,1217,0,10
1218,1218,0,11
1219,1219,0,7
1220,1220,0,22
1221,1221,0,15
1222,1222,0,9
1223,1223,0,4
1224,1224,0,12
1225,1225,0,9
1226,1226,0,16
1227,1227,0,14
1228,1228,0,5
1229,1229,0,11
1230,1230,0,14
1231,1231,0,16
1232,1232,0,13
1233,1233,0,6
1234,1234,0,17
1235,1235,0,7
1236,1236,0,10
1237,1237,0,7
1238,1238,0,10
1239,1239,0,7
1240,1240,0,9
1241,1241,0,6
1242,1242,0,12
1243,1243,0,21
1244,1244,0,10
1245,1245,0,11
1246,1246,0,1
1247,1247,0,8
1248,1248,0,7
1249,1249,0,5
1250,1250,0,5
1251,1251,0,10
1252,1252,0,6
1253,1253,0,5
1254,1254,0,1
1255,1255,0,4
1256,1256,0,12
1257,1257,0,13
1258,1258,0,6
1259,1259,0,11
1260,1260,0,2
1261,1261,0,10
1262,1262,0,8
1263,1263,0,14
1264,1264,0,1
1265,1265,0,13
1266,1266,0,11
1267,1267,0,10
1268,1268,0,4
1269,1269,0,14
1270,1270,0,9
1271,1271,0,18
1272,1272,0,14
1273,1273,0,14
1274,1274,0,25
1275,1275,0,16
1276,1276,0,15
1277,1277,0,11
1278,1278,0,22
1279,1279,0,16
1280,1280,0,6
1281,1281,0,14
1282,1282,0,22
1283,1283,0,17
1284,1284,0,11
1285,1285,0,15
1286,1286,0,14
1287,1287,0,10
1288,1288,0,14
1289,1289,0,13
1290,1290,0,19
1291,1291,0,5
1292,1292,0,11
1293,1293,0,12
1294,1294,0,19
1295,1295,0,20
1296,1296,0,12
1297,1297,0,18
1298,1298,0,21
1299,1299,0,26
1300,1300,0,23
1301,1301,0,26
1302,1302,0,21
1303,1303,0,15
1304,1304,0,19
1305,1305,0,16
1306,1306,0,18
1307,1307,0,14
1308,1308,0,11
1309,1309,0,6
1310,1310,0,10
1311,1311,0,9
1312,1312,0,15
1313,1313,0,5
1314,1314,0,14
1315,1315,0,16
1316,1316,0,12
1317,1317,0,12
1318,1318,0,6
1319,1319,0,1
1320,1320,0,17
1321,1321,0,20
1322,1322,0,10
1323,1323,0,18
1324,1324,0,5
1325,1325,0,4
1326,1326,0,13
1327,1327,0,15
1328,1328,0,27
1329,1329,0,20
1330,1330,0,20
1331,1331,0,21
1332,1332,0,22
1333,1333,0,16
1334,1334,0,11
1335,1335,0,4
1336,1336,0,12
1337,1337,0,6
1338,1338,0,16
1339,1339,0,16
1340,1340,0,9
1341,1341,0,18
1342,1342,0,13
1343,1343,0,13
1344,1344,0,18
1345,1345,0,10
1346,1346,0,9
1347,1347,0,19
1348,1348,0,12
1349,1349,0,23
1350,1350,0,9
1351,1351,0,9
1352,1352,0,12
1353,1353,0,16
1354,1354,0,14
1355,1355,0,16
1356,1356,0,25
1357,1357,0,14
1358,1358,0,16
1359,1359,0,12
1360,1360,0,13
1361,1361,0,12
1362,1362,0,11
1363,1363,0,14
1364,1364,0,20
1365,1365,0,14
1366,1366,0,15
1367,1367,0,18
1368,1368,0,19
1369,1369,0,19
1370,1370,0,13
1371,1371,0,14
1372,1372,0,6
1373,1373,0,9
1374,1374,0,9
1375,1375,0,18
1376,1376,0,12
1377,1377,0,19
1378,1378,0,13
1379,1379,0,6
1380,1380,0,13
1381,1381,0,12
1382,1382,0,9
1383,1383,0,16
1384,1384,0,13
1385,1385,0,9
1386,1386,0,11
1387,1387,0,16
1388,1388,0,3
1389,1389,0,7
1390,1390,0,15
1391,1391,0,18
1392,1392,0,11
1393,1393,0,22
1394,1394,0,18
1395,1395,0,5
1396,1396,0,5
1397,1397,0,13
1398,1398,0,1
1399,1399,0,5
1400,1400,0,4
1401,1401,0,7
1402,1402,0,11
1403,1403,0,17
1404,1404,0,8
1405,1405,0,21
1406,1406,0,4
1407,1407,0,11
1408,1408,0,3
1409,1409,0,12
1410,1410,0,14
1411,1411,0,12
1412,1412,0,9
1413,1413,0,19
1414,1414,0,19
1415,1415,0,14
1416,1416,0,-5
1417,1417,0,-6
1418,1418,0,7
1419,1419,0,-2
1420,1420,0,19
1421,1421,0,9
1422,1422,0,12
1423,1423,0,21
1424,1424,0,11
1425,1425,0,15
1426,1426,0,11
1427,1427,0,11
1428,1428,0,17
1429,1429,0,20
1430,1430,0,13
1431,1431,0,10
1432,1432,0,13
1433,1433,0,20
1434,1434,0,16
1435,1435,0,22
1436,1436,0,11
1437,1437,0,22
1438,1438,0,16
1439,1439,0,27
1440,1440,0,20
1441,1441,0,17
1442,1442,0,9
1443,1443,0,1
1444,1444,0,7
1445,1445,0,12
1446,1446,0,19
1447,1447,0,14
1448,1448,0,15
1449,1449,0,26
1450,1450,0,20
1451,1451,0,19
1452,1452,0,21
1453,1453,0,22
1454,1454,0,16
1455,1455,0,22
1456,1456,0,23
1457,1457,0,21
1458,1458,0,15
1459,1459,0,15
1460,1460,0,3
1461,1461,0,13
1462,1462,0,11
1463,1463,0,6
1464,1464,0,11
1465,1465,0,3
1466,1466,0,7
1467,1467,0,10
1468,1468,0,15
1469,1469,0,27
1470,1470,0,12
1471,1471,0,14
1472,1472,0,18
1473,1473,0,12
1474,1474,0,17
1475,1475,0,12
1476,1476,0,14
1477,1477,0,16
1478,1478,0,7
1479,1479,0,5
1480,1480,0,10
1481,1481,0,7
1482,1482,0,19
1483,1483,0,9
1484,1484,0,4
1485,1485,0,16
1486,1486,0,23
1487,1487,0,15
1488,1488,0,18
1489,1489,0,14
1490,1490,0,17
1491,1491,0,11
1492,1492,0,7
1493,1493,0,9
1494,1494,0,7
1495,1495,0,8
1496,1496,0,5
1497,1497,0,1
1498,1498,0,0
1499,1499,0,11
1500,1500,0,6
1501,1501,0,4
1502,1502,0,8
1503,1503,0,9
1504,1504,0,17
1505,1505,0,7
1506,1506,0,6
1507,1507,0,9
1508,1508,0,19
1509,1509,0,8
1510,1510,0,6
1511,1511,0,13
1512,1512,0,20
1513,1513,0,11
1514,1514,0,13
1515,1515,0,13
1516,1516,0,18
1517,1517,0,21
1518,1518,0,26
1519,1519,0,24
1520,1520,0,32
1521,1521,0,21
1522,1522,0,9
1523,1523,0,11
1524,1524,0,15
1525,1525,0,12
1526,1526,0,19
1527,1527,0,12
1528,1528,0,15
1529,1529,0,22
1530,1530,0,23
1531,1531,0,17
1532,1532,0,6
1533,1533,0,13
1534,1534,0,27
1535,1535,0,14
1536,1536,0,13
1537,1537,0,14
1538,1538,0,18
1539,1539,0,20
1540,1540,0,17
1541,1541,0,16
1542,1542,0,11
1543,1543,0,18
1544,1544,0,13
1545,1545,0,16
1546,1546,0,12
1547,1547,0,14
1548,1548,0,13
1549,1549,0,20
1550,1550,0,14
1551,1551,0,11
1552,1552,0,14
1553,1553,0,15
1554,1554,0,16
1555,1555,0,19
1556,1556,0,14
1557,1557,0,16
1558,1558,0,10
1559,1559,0,17
1560,1560,0,12
1561,1561,0,4
1562,1562,0,4
1563,1563,0,-1
1564,1564,0,8
1565,1565,0,-6
1566,1566,0,5
1567,1567,0,5
1568,1568,0,8
1569,1569,0,3
1570,1570,0,7
1571,1571,0,5
1572,1572,0,-7
1573,1573,0,1
1574,1574,0,2
1575,1575,0,5
1576,1576,0,14
1577,1577,0,8
1578,1578,0,6
1579,1579,0,12
1580,1580,0,5
1581,1581,0,6
1582,1582,0,4
1583,1583,0,6
1584,1584,0,12
1585,1585,0,4
1586,1586,0,7
1587,1587,0,10
1588,1588,0,16
1589,1589,0,3
1590,1590,0,12
1591,1591,0,4
1592,1592,0,10
1593,1593,0,21
1594,1594,0,5
1595,1595,0,6
1596,1596,0,12
1597,1597,0,11
1598,1598,0,15
1599,1599,0,14
1600,1600,0,7
1601,1601,0,27
1602,1602,0,19
1603,1603,0,9
1604,1604,0,26
1605,1605,0,13
1606,1606,0,24
1607,1607,0,17
1608,1608,0,13
1609,1609,0,13
1610,1610,0,9
1611,1611,0,19
1612,1612,0,18
1613,1613,0,9
1614,1614,0,23
1615,1615,0,12
1616,1616,0,15
1617,1617,0,14
1618,1618,0,13
1619,1619,0,18
1620,1620,0,27
1621,1621,0,18
1622,1622,0,13
1623,1623,0,19
1624,1624,0,8
1625,1625,0,11
1626,1626,0,4
1627,1627,0,11
1628,1628,0,4
1629,1629,0,23
1630,1630,0,4
1631,1631,0,20
1632,1632,0,16
1633,1633,0,8
1634,1634,0,5
1635,1635,0,11
1636,1636,0,18
1637,1637,0,20
1638,1638,0,10
1639,1639,0,6
1640,1640,0,4
1641,1641,0,8
1642,1642,0,8
1643,1643,0,12
1644,1644,0,29
1645,1645,0,23
1646,1646,0,9
1647,1647,0,30
1648,1648,0,9
1649,1649,0,19
1650,1650,0,16
1651,1651,0,13
1652,1652,0,14
1653,1653,0,15
1654,1654,0,5
1655,1655,0,10
1656,1656,0,9
1657,1657,0,22
1658,1658,0,16
1659,1659,0,11
1660,1660,0,15
1661,1661,0,20
1662,1662,0,14
1663,1663,0,3
1664,1664,0,22
1665,1665,0,12
1666,1666,0,9
1667,1667,0,9
1668,1668,0,25
1669,1669,0,18
1670,1670,0,14
1671,1671,0,20
1672,1672,0,28
1673,1673,0,21
1674,1674,0,9
1675,1675,0,11
1676,1676,0,19
1677,1677,0,14
1678,1678,0,16
1679,1679,0,14
1680,1680,0,13
1681,1681,0,18
1682,1682,0,17
1683,1683,0,18
1684,1684,0,17
1685,1685,0,19
1686,1686,0,23
1687,1687,0,19
1688,1688,0,13
1689,1689,0,15
1690,1690,0,5
1691,1691,0,20
1692,1692,0,26
1693,1693,0,18
1694,1694,0,18
1695,1695,0,13
1696,1696,0,25
1697,1697,0,7
1698,1698,0,14
1699,1699,0,24
1700,1700,0,14
1701,1701,0,15
1702,1702,0,11
1703,1703,0,5
1704,1704,0,8
1705,1705,0,9
1706,1706,0,12
1707,1707,0,12
1708,1708,0,17
1709,1709,0,21
1710,1710,0,18
1711,1711,0,18
1712,1712,0,13
1713,1713,0,10
1714,1714,0,10
1715,1715,0,9
1716,1716,0,15
1717,1717,0,12
1718,1718,0,7
1719,1719,0,17
1720,1720,0,19
1721,1721,0,5
1722,1722,0,7
1723,1723,0,8
1724,1724,0,4
1725,1725,0,1
1726,1726,0,7
1727,1727,0,7
1728,1728,0,5
1729,1729,0,5
1730,1730,0,1
1731,1731,0,7
1732,1732,0,9
1733,1733,0,11
1734,1734,0,14
1735,1735,0,10
1736,1736,0,10
1737,1737,0,14
1738,1738,0,3
1739,1739,0,6
1740,1740,0,8
1741,1741,0,5
1742,1742,0,14
1743,1743,0,9
1744,1744,0,12
1745,1745,0,10
1746,1746,0,5
1747,1747,0,21
1748,1748,0,5
1749,1749,0,10
1750,1750,0,3
1751,1751,0,10
1752,1752,0,6
1753,1753,0,16
1754,1754,0,12
1755,1755,0,11
1756,1756,0,7
1757,1757,0,23
1758,1758,0,16
1759,1759,0,14
1760,1760,0,15
1761,1761,0,20
1762,1762,0,15
1763,1763,0,12
1764,1764,0,9
1765,1765,0,7
1766,1766,0,8
1767,1767,0,20
1768,1768,0,28
1769,1769,0,17
1770,1770,0,19
1771,1771,0,15
1772,1772,0,15
1773,1773,0,10
1774,1774,0,19
1775,1775,0,10
1776,1776,0,18
1777,1777,0,11
1778,1778,0,18
1779,1779,0,17
1780,1780,0,19
1781,1781,0,13
1782,1782,0,16
1783,1783,0,-2
1784,1784,0,20
1785,1785,0,5
1786,1786,0,3
1787,1787,0,12
1788,1788,0,12
1789,1789,0,11
1790,1790,0,7
1791,1791,0,8
1792,1792,0,5
1793,1793,0,11
1794,1794,0,11
1795,1795,0,15
1796,1796,0,6
1797,1797,0,1
1798,1798,0,19
1799,1799,0,11
1800,1800,0,8
1801,1801,0,7
1802,1802,0,6
1803,1803,0,8
1804,1804,0,3
1805,1805,0,3
1806,1806,0,2
1807,1807,0,16
1808,1808,0,10
1809,1809,0,11
1810,1810,0,21
1811,1811,0,23
1812,1812,0,17
1813,1813,0,18
1814,1814,0,13
1815,1815,0,10
1816,1816,0,24
1817,1817,0,15
1818,1818,0,13
1819,1819,0,0
1820,1820,0,6
1821,1821,0,12
1822,1822,0,14
1823,1823,0,11
1824,1824,0,14
1825,1825,0,26
1826,1826,0,13
1827,1827,0,7
1828,1828,0,4
1829,1829,0,8
1830,1830,0,5
1831,1831,0,8
1832,1832,0,4
1833,1833,0,16
1834,1834,0,17
1835,1835,0,9
1836,1836,0,19
1837,1837,0,18
1838,1838,0,14
1839,1839,0,21
1840,1840,0,21
1841,1841,0,8
1842,1842,0,7
1843,1843,0,20
1844,1844,0,27
1845,1845,0,25
1846,1846,0,13
1847,1847,0,22
1848,1848,0,9
1849,1849,0,19
1850,1850,0,21
1851,1851,0,16
1852,1852,0,23
1853,1853,0,22
1854,1854,0,13
1855,1855,0,13
1856,1856,0,20
1857,1857,0,22
1858,1858,0,15
1859,1859,0,19
1860,1860,0,20
1861,1861,0,14
1862,1862,0,26
1863,1863,0,18
1864,1864,0,11
1865,1865,0,19
1866,1866,0,19
1867,1867,0,13
1868,1868,0,18
1869,1869,0,19
1870,1870,0,12
1871,1871,0,14
1872,1872,0,15
1873,1873,0,11
1874,1874,0,0
1875,1875,0,14
1876,1876,0,18
1877,1877,0,4
1878,1878,0,3
1879,1879,0,12
1880,1880,0,13
1881,1881,0,4
1882,1882,0,5
1883,1883,0,12
1884,1884,0,15
1885,1885,0,15
1886,1886,0,13
1887,1887,0,15
1888,1888,0,7
1889,1889,0,18
1890,1890,0,14
1891,1891,0,8
1892,1892,0,15
1893,1893,0,14
1894,1894,0,12
1895,1895,0,9
1896,1896,0,10
1897,1897,0,6
1898,1898,0,3
1899,1899,0,9
1900,1900,0,18
1901,1901,0,17
1902,1902,0,7
1903,1903,0,6
1904,1904,0,12
1905,1905,0,14
1906,1906,0,3
1907,1907,0,17
1908,1908,0,11
1909,1909,0,15
1910,1910,0,19
1911,1911,0,10
1912,1912,0,18
1913,1913,0,13
1914,1914,0,17
1915,1915,0,29
1916,1916,0,12
1917,1917,0,14
1918,1918,0,21
1919,1919,0,12
1920,1920,0,14
1921,1921,0,11
1922,1922,0,11
1923,1923,0,12
1924,1924,0,9
1925,1925,0,17
1926,1926,0,20
1927,1927,0,19
1928,1928,0,8
1929,1929,0,10
1930,1930,0,18
1931,1931,0,26
1932,1932,0,16
1933,1933,0,22
1934,1934,0,15
1935,1935,0,12
1936,1936,0,11
1937,1937,0,8
1938,1938,0,13
1939,1939,0,17
1940,1940,0,18
1941,1941,0,10
1942,1942,0,17
1943,1943,0,24
1944,1944,0,14
1945,1945,0,18
1946,1946,0,17
1947,1947,0,14
1948,1948,0,24
1949,1949,0,11
1950,1950,0,7
1951,1951,0,13
1952,1952,0,7
1953,1953,0,25
1954,1954,0,11
1955,1955,0,7
1956,1956,0,9
1957,1957,0,17
1958,1958,0,15
1959,1959,0,17
1960,1960,0,15
1961,1961,0,12
1962,1962,0,17
1963,1963,0,19
1964,1964,0,11
1965,1965,0,14
1966,1966,0,16
1967,1967,0,17
1968,1968,0,6
1969,1969,0,5
1970,1970,0,23
1971,1971,0,10
1972,1972,0,10
1973,1973,0,3
1974,1974,0,12
1975,1975,0,16
1976,1976,0,19
1977,1977,0,4
1978,1978,0,4
1979,1979,0,16
1980,1980,0,6
1981,1981,0,16
1982,1982,0,14
1983,1983,0,11
1984,1984,0,10
1985,1985,0,11
1986,1986,0,7
1987,1987,0,13
1988,1988,0,6
1989,1989,0,8
1990,1990,0,15
1991,1991,0,22
1992,1992,0,16
1993,1993,0,10
1994,1994,0,12
1995,1995,0,16
1996,1996,0,18
1997,1997,0,7
1998,1998,0,19
1999,1999,0,12
2000,2000,0,12
2001,2001,0,10
2002,2002,0,20
2003,2003,0,19
2004,2004,0,13
2005,2005,0,18
2006,2006,0,14
2007,2007,0,13
2008,2008,0,21
2009,2009,0,7
2010,2010,0,15
2011,2011,0,17
2012,2012,0,17
2013,2013,0,10
2014,2014,0,16
2015,2015,0,18
2016,2016,0,8
2017,2017,0,17
2018,2018,0,18
2019,2019,0,11
2020,2020,0,7
2021,2021,0,21
2022,2022,0,12
2023,2023,0,9
2024,2024,0,18
2025,2025,0,14
2026,2026,0,11
2027,2027,0,16
2028,2028,0,18
2029,2029,0,17
2030,2030,0,18
2031,2031,0,9
2032,2032,0,3
2033,2033,0,8
2034,2034,0,11
2035,2035,0,10
2036,2036,0,12
2037,2037,0,9
2038,2038,0,11
2039,2039,0,12
2040,2040,0,10
2041,2041,0,2
2042,2042,0,9
2043,2043,0,7
2044,2044,0,3
2045,2045,0,8
2046,2046,0,5
2047,2047,0,13
2048,2048,0,-4
2049,2049,0,4
2050,2050,0,-6
2051,2051,0,2
2052,2052,0,0
2053,2053,0,19
2054,2054,0,1
2055,2055,0,13
2056,2056,0,-5
2057,2057,0,10
2058,2058,0,7
2059,2059,0,-3
2060,2060,0,-2
2061,2061,0,12
2062,2062,0,6
2063,2063,0,11
2064,2064,0,6
2065,2065,0,2
2066,2066,0,19
2067,2067,0,17
2068,2068,0,13
2069,2069,0,8
2070,2070,0,20
2071,2071,0,12
2072,2072,0,8
2073,2073,0,16
2074,2074,0,3
2075,2075,0,12
2076,2076,0,15
2077,2077,0,20
2078,2078,0,16
2079,2079,0,26
2080,2080,0,16
2081,2081,0,12
2082,2082,0,18
2083,2083,0,11
2084,2084,0,20
2085,2085,0,21
2086,2086,0,11
2087,2087,0,18
2088,2088,0,16
2089,2089,0,14
2090,2090,0,11
2091,2091,0,18
2092,2092,0,9
2093,2093,0,10
2094,2094,0,13
2095,2095,0,16
2096,2096,0,18
2097,2097,0,14
2098,2098,0,17
2099,2099,0,19
2100,2100,0,15
2101,2101,0,25
2102,2102,0,20
2103,2103,0,12
2104,2104,0,19
2105,2105,0,12
2106,2106,0,13
2107,2107,0,18
2108,2108,0,16
2109,2109,0,8
2110,2110,0,19
2111,2111,0,9
2112,2112,0,10
2113,2113,0,9
2114,2114,0,13
2115,2115,0,5
2116,2116,0,3
2117,2117,0,14
2118,2118,0,14
2119,2119,0,7
2120,2120,0,16
2121,2121,0,12
2122,2122,0,6
2123,2123,0,3
2124,2124,0,5
2125,2125,0,6
2126,2126,0,16
2127,2127,0,14
2128,2128,0,6
2129,2129,0,2
2130,2130,0,2
2131,2131,0,13
2132,2132,0,3
2133,2133,0,8
2134,2134,0,8
2135,2135,0,7
2136,2136,0,12
2137,2137,0,-1
2138,2138,0,1
2139,2139,0,20
2140,2140,0,12
2141,2141,0,12
2142,2142,0,15
2143,2143,0,22
2144,2144,0,9
2145,2145,0,8
2146,2146,0,12
2147,2147,0,14
2148,2148,0,12
2149,2149,0,1
2150,2150,0,7
2151,2151,0,7
2152,2152,0,13
2153,2153,0,8
2154,2154,0,13
2155,2155,0,14
2156,2156,0,18
2157,2157,0,5
2158,2158,0,14
2159,2159,0,17
2160,2160,0,20
2161,2161,0,19
2162,2162,0,19
2163,2163,0,15
2164,2164,0,16
2165,2165,0,7
2166,2166,0,17
2167,2167,0,10
2168,2168,0,11
2169,2169,0,4
2170,2170,0,27
2171,2171,0,14
2172,2172,0,25
2173,2173,0,11
2174,2174,0,20
2175,2175,0,13
2176,2176,0,25
2177,2177,0,30
2178,2178,0,21
2179,2179,0,2
2180,2180,0,8
2181,2181,0,17
2182,2182,0,6
2183,2183,0,21
2184,2184,0,5
2185,2185,0,11
2186,2186,0,11
2187,2187,0,7
2188,2188,0,5
2189,2189,0,20
2190,2190,0,12
2191,2191,0,25
2192,2192,0,14
2193,2193,0,12
2194,2194,0,13
2195,2195,0,24
2196,2196,0,17
2197,2197,0,6
2198,2198,0,12
2199,2199,0,2
2200,2200,0,6
2201,2201,0,5
2202,2202,0,10
2203,2203,0,11
2204,2204,0,14
2205,2205,0,23
2206,2206,0,11
2207,2207,0,7
2208,2208,0,5
2209,2209,0,6
2210,2210,0,25
2211,2211,0,5
2212,2212,0,8
2213,2213,0,9
2214,2214,0,17
2215,2215,0,4
2216,2216,0,10
2217,2217,0,9
2218,2218,0,9
2219,2219,0,12
2220,2220,0,14
2221,2221,0,11
2222,2222,0,10
2223,2223,0,3
2224,2224,0,5
2225,2225,0,3
2226,2226,0,11
2227,2227,0,9
2228,2228,0,13
2229,2229,0,5
2230,2230,0,15
2231,2231,0,17
2232,2232,0,4
2233,2233,0,6
2234,2234,0,13
2235,2235,0,10
2236,2236,0,11
2237,2237,0,18
2238,2238,0,19
2239,2239,0,17
2240,2240,0,21
2241,2241,0,16
2242,2242,0,18
2243,2243,0,12
2244,2244,0,12
2245,2245,0,12
2246,2246,0,8
2247,2247,0,12
2248,2248,0,24
2249,2249,0,17
2250,2250,0,9
2251,2251,0,10
2252,2252,0,15
2253,2253,0,15
2254,2254,0,17
2255,2255,0,9
2256,2256,0,11
2257,2257,0,4
2258,2258,0,15
2259,2259,0,12
2260,2260,0,14
2261,2261,0,9
2262,2262,0,15
2263,2263,0,7
2264,2264,0,18
2265,2265,0,9
2266,2266,0,9
2267,2267,0,7
2268,2268,0,15
2269,2269,0,9
2270,2270,0,13
2271,2271,0,6
2272,2272,0,6
2273,2273,0,8
2274,2274,0,17
2275,2275,0,11
2276,2276,0,22
2277,2277,0,15
2278,2278,0,11
2279,2279,0,4
2280,2280,0,7
2281,2281,0,10
2282,2282,0,11
2283,2283,0,15
2284,2284,0,3
2285,2285,0,7
2286,2286,0,19
2287,2287,0,9
2288,2288,0,12
2289,2289,0,10
2290,2290,0,5
2291,2291,0,13
2292,2292,0,11
2293,2293,0,10
2294,2294,0,13
2295,2295,0,15
2296,2296,0,10
2297,2297,0,11
2298,2298,0,6
2299,2299,0,10
2300,2300,0,2
2301,2301,0,6
2302,2302,0,7
2303,2303,0,14
2304,2304,0,19
2305,2305,0,17
2306,2306,0,11
2307,2307,0,11
2308,2308,0,14
2309,2309,0,15
2310,2310,0,18
2311,2311,0,15
2312,2312,0,22
2313,2313,0,17
2314,2314,0,17
2315,2315,0,20
2316,2316,0,14
2317,2317,0,18
2318,2318,0,17
2319,2319,0,21
2320,2320,0,16
2321,2321,0,16
2322,2322,0,14
2323,2323,0,18
2324,2324,0,13
2325,2325,0,13
2326,2326,0,10
2327,2327,0,5
2328,2328,0,19
2329,2329,0,9
2330,2330,0,15
2331,2331,0,11
2332,2332,0,12
2333,2333,0,15
2334,2334,0,12
2335,2335,0,15
2336,2336,0,22
2337,2337,0,14
2338,2338,0,15
2339,2339,0,11
2340,2340,0,14
2341,2341,0,12
2342,2342,0,18
2343,2343,0,18
2344,2344,0,14
2345,2345,0,4
2346,2346,0,9
2347,2347,0,8
2348,2348,0,15
2349,2349,0,19
2350,2350,0,12
2351,2351,0,0
2352,2352,0,11
2353,2353,0,2
2354,2354,0,6
2355,2355,0,9
2356,2356,0,12
2357,2357,0,9
2358,2358,0,17
2359,2359,0,10
2360,2360,0,9
2361,2361,0,10
2362,2362,0,16
2363,2363,0,14
2364,2364,0,10
2365,2365,0,1
2366,2366,0,0
2367,2367,0,7
2368,2368,0,2
2369,2369,0,10
2370,2370,0,2
2371,2371,0,4
2372,2372,0,9
2373,2373,0,6
2374,2374,0,3
2375,2375,0,21
2376,2376,0,18
2377,2377,0,10
2378,2378,0,5
2379,2379,0,8
2380,2380,0,15
2381,2381,0,8
2382,2382,0,13
2383,2383,0,17
2384,2384,0,8
2385,2385,0,10
2386,2386,0,17
2387,2387,0,18
2388,2388,0,15
2389,2389,0,19
2390,2390,0,20
2391,2391,0,9
2392,2392,0,10
2393,2393,0,13
2394,2394,0,14
2395,2395,0,14
2396,2396,0,10
2397,2397,0,15
2398,2398,0,14
2399,2399,0,13
2400,2400,0,13
2401,2401,0,8
2402,2402,0,17
2403,2403,0,8
2404,2404,0,9
2405,2405,0,14
2406,2406,0,12
2407,2407,0,10
2408,2408,0,14
2409,2409,0,23
2410,2410,0,20
2411,2411,0,21
2412,2412,0,9
2413,2413,0,22
2414,2414,0,6
2415,2415,0,23
2416,2416,0,18
2417,2417,0,7
2418,2418,0,15
2419,2419,0,18
2420,2420,0,23
2421,2421,0,13
2422,2422,0,15
2423,2423,0,22
2424,2424,0,19
2425,2425,0,20
2426,2426,0,15
2427,2427,0,13
2428,2428,0,15
2429,2429,0,8
2430,2430,0,0
2431,2431,0,4
2432,2432,0,13
2433,2433,0,10
2434,2434,0,6
2435,2435,0,10
2436,2436,0,0
2437,2437,0,17
2438,2438,0,14
2439,2439,0,15
2440,2440,0,13
2441,2441,0,8
2442,2442,0,11
2443,2443,0,3
2444,2444,0,3
2445,2445,0,-1
2446,2446,0,16
2447,2447,0,12
2448,2448,0,9
2449,2449,0,12
2450,2450,0,17
2451,2451,0,15
2452,2452,0,7
2453,2453,0,2
2454,2454,0,10
2455,2455,0,1
2456,2456,0,6
2457,2457,0,5
2458,2458,0,11
2459,2459,0,7
2460,2460,0,8
2461,2461,0,10
2462,2462,0,20
2463,2463,0,23
2464,2464,0,12
2465,2465,0,10
2466,2466,0,18
2467,2467,0,7
2468,2468,0,11
2469,2469,0,5
2470,2470,0,21
2471,2471,0,21
2472,2472,0,14
2473,2473,0,10
2474,2474,0,10
2475,2475,0,16
2476,2476,0,23
2477,2477,0,17
2478,2478,0,7
2479,2479,0,5
2480,2480,0,11
2481,2481,0,6
2482,2482,0,19
2483,2483,0,21
2484,2484,0,10
2485,2485,0,10
2486,2486,0,13
2487,2487,0,11
2488,2488,0,18
2489,2489,0,13
2490,2490,0,16
2491,2491,0,5
2492,2492,0,6
2493,2493,0,16
2494,2494,0,13
2495,2495,0,14
2496,2496,0,19
2497,2497,0,9
2498,2498,0,9
2499,2499,0,-6
2500,2500,0,8
2501,2501,0,17
2502,2502,0,6
2503,2503,0,15
2504,2504,0,14
2505,2505,0,10
2506,2506,0,6
2507,2507,0,11
2508,2508,0,13
2509,2509,0,8
2510,2510,0,14
2511,2511,0,16
2512,2512,0,10
2513,2513,0,12
2514,2514,0,9
2515,2515,0,6
2516,2516,0,12
2517,2517,0,9
2518,2518,0,5
2519,2519,0,3
2520,2520,0,3
2521,2521,0,4
2522,2522,0,18
2523,2523,0,6
2524,2524,0,7
2525,2525,0,8
2526,2526,0,10
2527,2527,0,15
2528,2528,0,14
2529,2529,0,18
2530,2530,0,17
2531,2531,0,10
2532,2532,0,12
2533,2533,0,5
2534,2534,0,3
2535,2535,0,5
2536,2536,0,17
2537,2537,0,15
2538,2538,0,8
2539,2539,0,3
2540,2540,0,0
2541,2541,0,6
2542,2542,0,3
2543,2543,0,-1
2544,2544,0,7
2545,2545,0,2
2546,2546,0,5
2547,2547,0,19
2548,2548,0,17
2549,2549,0,19
2550,2550,0,20
2551,2551,0,20
2552,2552,0,23
2553,2553,0,17
2554,2554,0,20
2555,2555,0,10
2556,2556,0,17
2557,2557,0,19
2558,2558,0,21
2559,2559,0,22
2560,2560,0,20
2561,2561,0,12
2562,2562,0,19
2563,2563,0,7
2564,2564,0,-1
2565,2565,0,8
2566,2566,0,11
2567,2567,0,19
2568,2568,0,14
2569,2569,0,21
2570,2570,0,22
2571,2571,0,9
2572,2572,0,13
2573,2573,0,-2
2574,2574,0,9
2575,2575,0,17
2576,2576,0,19
2577,2577,0,18
2578,2578,0,16
2579,2579,0,10
2580,2580,0,16
2581,2581,0,9
2582,2582,0,13
2583,2583,0,20
2584,2584,0,6
2585,2585,0,12
2586,2586,0,10
2587,2587,0,6
2588,2588,0,6
2589,2589,0,4
2590,2590,0,6
2591,2591,0,6
2592,2592,0,9
2593,2593,0,17
2594,2594,0,16
2595,2595,0,12
2596,2596,0,18
2597,2597,0,17
2598,2598,0,14
2599,2599,0,17
2600,2600,0,6
2601,2601,0,11
2602,2602,0,10
2603,2603,0,9
2604,2604,0,23
2605,2605,0,18
2606,2606,0,11
2607,2607,0,5
2608,2608,0,3
2609,2609,0,2
2610,2610,0,2
2611,2611,0,4
2612,2612,0,8
2613,2613,0,15
2614,2614,0,9
2615,2615,0,5
2616,2616,0,8
2617,2617,0,0
2618,2618,0,15
2619,2619,0,3
2620,2620,0,10
2621,2621,0,25
2622,2622,0,17
2623,2623,0,16
2624,2624,0,17
2625,2625,0,16
2626,2626,0,-2
2627,2627,0,-4
2628,2628,0,17
2629,2629,0,11
2630,2630,0,13
2631,2631,0,14
2632,2632,0,17
2633,2633,0,22
2634,2634,0,16
2635,2635,0,11
2636,2636,0,7
2637,2637,0,6
2638,2638,0,0
2639,2639,0,7
2640,2640,0,14
2641,2641,0,9
2642,2642,0,20
2643,2643,0,17
2644,2644,0,18
2645,2645,0,17
2646,2646,0,14
2647,2647,0,9
2648,2648,0,12
2649,2649,0,15
2650,2650,0,9
2651,2651,0,15
2652,2652,0,15
2653,2653,0,20
2654,2654,0,21
2655,2655,0,20
2656,2656,0,23
2657,2657,0,17
2658,2658,0,16
2659,2659,0,10
2660,2660,0,19
2661,2661,0,19
2662,2662,0,14
2663,2663,0,19
2664,2664,0,9
2665,2665,0,19
2666,2666,0,22
2667,2667,0,15
2668,2668,0,5
2669,2669,0,13
2670,2670,0,16
2671,2671,0,23
2672,2672,0,10
2673,2673,0,8
2674,2674,0,0
2675,2675,0,5
2676,2676,0,3
2677,2677,0,12
2678,2678,0,19
2679,2679,0,7
2680,2680,0,6
2681,2681,0,0
2682,2682,0,6
2683,2683,0,1
2684,2684,0,10
2685,2685,0,3
2686,2686,0,10
2687,2687,0,8
2688,2688,0,20
2689,2689,0,7
2690,2690,0,12
2691,2691,0,17
2692,2692,0,7
2693,2693,0,11
2694,2694,0,16
2695,2695,0,14
2696,2696,0,18
2697,2697,0,14
2698,2698,0,12
2699,2699,0,16
2700,2700,0,-5
2701,2701,0,4
2702,2702,0,3
2703,2703,0,1
2704,2704,0,1
2705,2705,0,19
2706,2706,0,15
2707,2707,0,13
2708,2708,0,16
2709,2709,0,8
2710,2710,0,15
2711,2711,0,15
2712,2712,0,8
2713,2713,0,16
2714,2714,0,22
2715,2715,0,31
2716,2716,0,14
2717,2717,0,12
2718,2718,0,15
2719,2719,0,15
2720,2720,0,19
2721,2721,0,18
2722,2722,0,17
2723,2723,0,12
2724,2724,0,19
2725,2725,0,18
2726,2726,0,7
2727,2727,0,27
2728,2728,0,15
2729,2729,0,13
2730,2730,0,25
2731,2731,0,14
2732,2732,0,4
2733,2733,0,9
2734,2734,0,12
2735,2735,0,14
2736,2736,0,7
2737,2737,0,10
2738,2738,0,13
2739,2739,0,10
2740,2740,0,11
2741,2741,0,15
2742,2742,0,15
2743,2743,0,12
2744,2744,0,-1
2745,2745,0,15
2746,2746,0,10
2747,2747,0,17
2748,2748,0,20
2749,2749,0,15
2750,2750,0,31
2751,2751,0,15
2752,2752,0,8
2753,2753,0,11
2754,2754,0,14
2755,2755,0,21
2756,2756,0,14
2757,2757,0,7
2758,2758,0,4
2759,2759,0,19
2760,2760,0,9
2761,2761,0,11
2762,2762,0,12
2763,2763,0,10
2764,2764,0,8
2765,2765,0,10
2766,2766,0,2
2767,2767,0,8
2768,2768,0,0
2769,2769,0,7
2770,2770,0,3
2771,2771,0,13
2772,2772,0,11
2773,2773,0,6
2774,2774,0,3
2775,2775,0,9
2776,2776,0,3
2777,2777,0,-4
2778,2778,0,7
2779,2779,0,18
2780,2780,0,5
2781,2781,0,6
2782,2782,0,3
2783,2783,0,10
2784,2784,0,8
2785,2785,0,12
2786,2786,0,10
2787,2787,0,19
2788,2788,0,6
2789,2789,0,18
2790,2790,0,26
2791,2791,0,18
2792,2792,0,20
2793,2793,0,20
2794,2794,0,15
2795,2795,0,14
2796,2796,0,28
2797,2797,0,25
2798,2798,0,16
2799,2799,0,18
2800,2800,0,9
2801,2801,0,21
2802,2802,0,1
2803,2803,0,16
2804,2804,0,15
2805,2805,0,24
2806,2806,0,21
2807,2807,0,15
2808,2808,0,16
2809,2809,0,17
2810,2810,0,24
2811,2811,0,13
2812,2812,0,22
2813,2813,0,6
2814,2814,0,6
2815,2815,0,6
2816,2816,0,6
2817,2817,0,17
2818,2818,0,11
2819,2819,0,20
2820,2820,0,12
2821,2821,0,12
2822,2822,0,14
2823,2823,0,3
2824,2824,0,8
2825,2825,0,9
2826,2826,0,17
2827,2827,0,14
2828,2828,0,12
2829,2829,0,25
2830,2830,0,22
2831,2831,0,11
2832,2832,0,9
2833,2833,0,6
2834,2834,0,6
2835,2835,0,7
2836,2836,0,10
2837,2837,0,9
2838,2838,0,24
2839,2839,0,14
2840,2840,0,12
2841,2841,0,6
2842,2842,0,9
2843,2843,0,14
2844,2844,0,16
2845,2845,0,12
2846,2846,0,10
2847,2847,0,10
2848,2848,0,4
2849,2849,0,3
2850,2850,0,8
2851,2851,0,10
2852,2852,0,4
2853,2853,0,9
2854,2854,0,6
2855,2855,0,5
2856,2856,0,15
2857,2857,0,19
2858,2858,0,28
2859,2859,0,19
2860,2860,0,7
2861,2861,0,8
2862,2862,0,15
2863,2863,0,15
2864,2864,0,22
2865,2865,0,13
2866,2866,0,11
2867,2867,0,11
2868,2868,0,7
2869,2869,0,11
2870,2870,0,4
2871,2871,0,10
2872,2872,0,17
2873,2873,0,15
2874,2874,0,20
2875,2875,0,17
2876,2876,0,4
2877,2877,0,15
2878,2878,0,14
2879,2879,0,11
2880,2880,0,10
2881,2881,0,14
2882,2882,0,11
2883,2883,0,21
2884,2884,0,19
2885,2885,0,11
2886,2886,0,15
2887,2887,0,16
2888,2888,0,14
2889,2889,0,15
2890,2890,0,14
2891,2891,0,13
2892,2892,0,24
2893,2893,0,22
2894,2894,0,20
2895,2895,0,16
2896,2896,0,15
2897,2897,0,13
2898,2898,0,18
2899,2899,0,19
2900,2900,0,11
2901,2901,0,9
2902,2902,0,9
2903,2903,0,15
2904,2904,0,10
2905,2905,0,12
2906,2906,0,20
2907,2907,0,18
2908,2908,0,27
2909,2909,0,18
2910,2910,0,20
2911,2911,0,20
2912,2912,0,15
2913,2913,0,13
2914,2914,0,6
2915,2915,0,16
2916,2916,0,8
2917,2917,0,17
2918,2918,0,1
2919,2919,0,16
2920,2920,0,1
2921,2921,0,8
2922,2922,0,6
2923,2923,0,6
2924,2924,0,11
2925,2925,0,2
2926,2926,0,11
2927,2927,0,10
2928,2928,0,4
2929,2929,0,15
2930,2930,0,15
2931,2931,0,4
2932,2932,0,-1
2933,2933,0,17
2934,2934,0,17
2935,2935,0,6
2936,2936,0,3
2937,2937,0,2
2938,2938,0,6
2939,2939,0,11
2940,2940,0,12
2941,2941,0,9
2942,2942,0,2
2943,2943,0,6
2944,2944,0,6
2945,2945,0,11
2946,2946,0,10
2947,2947,0,6
2948,2948,0,10
2949,2949,0,7
2950,2950,0,-1
2951,2951,0,20
2952,2952,0,11
2953,2953,0,15
2954,2954,0,2
2955,2955,0,14
2956,2956,0,10
2957,2957,0,23
2958,2958,0,13
2959,2959,0,20
2960,2960,0,16
2961,2961,0,27
2962,2962,0,19
2963,2963,0,18
2964,2964,0,31
2965,2965,0,22
2966,2966,0,16
2967,2967,0,8
2968,2968,0,5
2969,2969,0,10
2970,2970,0,9
2971,2971,0,8
2972,2972,0,8
2973,2973,0,10
2974,2974,0,14
2975,2975,0,18
2976,2976,0,10
2977,2977,0,5
2978,2978,0,14
2979,2979,0,10
2980,2980,0,13
2981,2981,0,8
2982,2982,0,13
2983,2983,0,5
2984,2984,0,11
2985,2985,0,11
2986,2986,0,11
2987,2987,0,7
2988,2988,0,17
2989,2989,0,1
2990,2990,0,9
2991,2991,0,19
2992,2992,0,11
2993,2993,0,27
2994,2994,0,12
2995,2995,0,17
2996,2996,0,24
2997,2997,0,13
2998,2998,0,5
2999,2999,0,2
3000,3000,0,-3
3001,3001,0,1
3002,3002,0,5
3003,3003,0,13
3004,3004,0,15
3005,3005,0,12
3006,3006,0,18
3007,3007,0,-5
3008,3008,0,-2
3009,3009,0,1
3010,3010,0,3
3011,3011,0,1
3012,3012,0,6
3013,3013,0,0
3014,3014,0,5
3015,3015,0,8
3016,3016,0,2
3017,3017,0,10
3018,3018,0,10
3019,3019,0,16
3020,3020,0,14
3021,3021,0,10
3022,3022,0,17
3023,3023,0,14
3024,3024,0,3
3025,3025,0,7
3026,3026,0,20
3027,3027,0,16
3028,3028,0,16
3029,3029,0,10
3030,3030,0,15
3031,3031,0,20
3032,3032,0,12
3033,3033,0,23
3034,3034,0,16
3035,3035,0,23
3036,3036,0,16
3037,3037,0,21
3038,3038,0,13
3039,3039,0,13
3040,3040,0,9
3041,3041,0,11
3042,3042,0,9
3043,3043,0,13
3044,3044,0,16
3045,3045,0,15
3046,3046,0,19
3047,3047,0,28
3048,3048,0,18
3049,3049,0,14
3050,3050,0,7
3051,3051,0,21
3052,3052,0,17
3053,3053,0,24
3054,3054,0,18
3055,3055,0,12
3056,3056,0,2
3057,3057,0,10
3058,3058,0,12
3059,3059,0,11
3060,3060,0,3
3061,3061,0,14
3062,3062,0,14
3063,3063,0,9
3064,3064,0,9
3065,3065,0,9
3066,3066,0,8
3067,3067,0,19
3068,3068,0,11
3069,3069,0,14
3070,3070,0,1
3071,3071,0,9
3072,3072,0,4
3073,3073,0,9
3074,3074,0,7
3075,3075,0,26
3076,3076,0,17
3077,3077,0,9
3078,3078,0,3
3079,3079,0,11
3080,3080,0,19
3081,3081,0,11
3082,3082,0,12
3083,3083,0,12
3084,3084,0,-1
3085,3085,0,14
3086,3086,0,-1
3087,3087,0,18
3088,3088,0,7
3089,3089,0,4
3090,3090,0,3
3091,3091,0,-3
3092,3092,0,10
3093,3093,0,16
3094,3094,0,13
3095,3095,0,13
3096,3096,0,6
3097,3097,0,7
3098,3098,0,18
3099,3099,0,10
3100,3100,0,8
3101,3101,0,14
3102,3102,0,10
3103,3103,0,5
3104,3104,0,7
3105,3105,0,7
3106,3106,0,10
3107,3107,0,9
3108,3108,0,8
3109,3109,0,8
3110,3110,0,19
3111,3111,0,12
3112,3112,0,15
3113,3113,0,10
3114,3114,0,19
3115,3115,0,16
3116,3116,0,20
3117,3117,0,12
3118,3118,0,14
3119,3119,0,19
3120,3120,0,7
3121,3121,0,6
3122,3122,0,14
3123,3123,0,17
3124,3124,0,17
3125,3125,0,11
3126,3126,0,14
3127,3127,0,15
3128,3128,0,16
3129,3129,0,25
3130,3130,0,20
3131,3131,0,33
3132,3132,0,17
3133,3133,0,12
3134,3134,0,11
3135,3135,0,10
3136,3136,0,11
3137,3137,0,15
3138,3138,0,6
3139,3139,0,22
3140,3140,0,21
3141,3141,0,17
3142,3142,0,13
3143,3143,0,13
3144,3144,0,17
3145,3145,0,13
3146,3146,0,14
3147,3147,0,9
3148,3148,0,15
3149,3149,0,9
3150,3150,0,15
3151,3151,0,17
3152,3152,0,11
3153,3153,0,13
3154,3154,0,10
3155,3155,0,13
3156,3156,0,12
3157,3157,0,18
3158,3158,0,24
3159,3159,0,6
3160,3160,0,13
3161,3161,0,13
3162,3162,0,6
3163,3163,0,7
3164,3164,0,2
3165,3165,0,-1
3166,3166,0,11
3167,3167,0,5
3168,3168,0,14
3169,3169,0,9
3170,3170,0,14
3171,3171,0,10
3172,3172,0,11
3173,3173,0,2
3174,3174,0,-1
3175,3175,0,5
3176,3176,0,9
3177,3177,0,9
3178,3178,0,6
3179,3179,0,5
3180,3180,0,14
3181,3181,0,12
3182,3182,0,7
3183,3183,0,16
3184,3184,0,9
3185,3185,0,5
3186,3186,0,10
3187,3187,0,16
3188,3188,0,7
3189,3189,0,8
3190,3190,0,18
3191,3191,0,4
3192,3192,0,9
3193,3193,0,16
3194,3194,0,5
3195,3195,0,10
3196,3196,0,15
3197,3197,0,16
3198,3198,0,18
3199,3199,0,19
3200,3200,0,5
3201,3201,0,10
3202,3202,0,11
3203,3203,0,17
3204,3204,0,16
3205,3205,0,11
3206,3206,0,19
3207,3207,0,14
3208,3208,0,4
3209,3209,0,11
3210,3210,0,12
3211,3211,0,12
3212,3212,0,1
3213,3213,0,6
3214,3214,0,11
3215,3215,0,21
3216,3216,0,15
3217,3217,0,24
3218,3218,0,17
3219,3219,0,12
3220,3220,0,3
3221,3221,0,9
3222,3222,0,11
3223,3223,0,12
3224,3224,0,20
3225,3225,0,18
3226,3226,0,6
3227,3227,0,14
3228,3228,0,8
3229,3229,0,18
3230,3230,0,7
3231,3231,0,7
3232,3232,0,2
3233,3233,0,1
3234,3234,0,4
3235,3235,0,12
3236,3236,0,20
3237,3237,0,21
3238,3238,0,15
3239,3239,0,9
3240,3240,0,6
3241,3241,0,7
3242,3242,0,11
3243,3243,0,6
3244,3244,0,22
3245,3245,0,16
3246,3246,0,21
3247,3247,0,17
3248,3248,0,16
3249,3249,0,20
3250,3250,0,15
3251,3251,0,9
3252,3252,0,15
3253,3253,0,0
3254,3254,0,11
3255,3255,0,10
3256,3256,0,11
3257,3257,0,0
3258,3258,0,10
3259,3259,0,6
3260,3260,0,9
3261,3261,0,18
3262,3262,0,14
3263,3263,0,11
3264,3264,0,7
3265,3265,0,13
3266,3266,0,7
3267,3267,0,11
3268,3268,0,3
3269,3269,0,7
3270,3270,0,12
3271,3271,0,17
3272,3272,0,12
3273,3273,0,14
3274,3274,0,25
3275,3275,0,24
3276,3276,0,11
3277,3277,0,12
3278,3278,0,10
3279,3279,0,17
3280,3280,0,18
3281,3281,0,15
3282,3282,0,19
3283,3283,0,24
3284,3284,0,17
3285,3285,0,22
3286,3286,0,14
3287,3287,0,8
3288,3288,0,13
3289,3289,0,15
3290,3290,0,8
3291,3291,0,14
3292,3292,0,13
3293,3293,0,11
3294,3294,0,6
3295,3295,0,12
3296,3296,0,18
3297,3297,0,23
3298,3298,0,10
3299,3299,0,17
3300,3300,0,10
3301,3301,0,5
3302,3302,0,8
3303,3303,0,15
3304,3304,0,15
3305,3305,0,13
3306,3306,0,15
3307,3307,0,15
3308,3308,0,12
3309,3309,0,21
3310,3310,0,10
3311,3311,0,7
3312,3312,0,6
3313,3313,0,7
3314,3314,0,8
3315,3315,0,3
3316,3316,0,11
3317,3317,0,6
3318,3318,0,16
3319,3319,0,17
3320,3320,0,17
3321,3321,0,9
3322,3322,0,26
3323,3323,0,14
3324,3324,0,15
3325,3325,0,16
3326,3326,0,10
3327,3327,0,17
3328,3328,0,15
3329,3329,0,16
3330,3330,0,5
3331,3331,0,5
3332,3332,0,16
3333,3333,0,7
3334,3334,0,4
3335,3335,0,13
3336,3336,0,23
3337,3337,0,16
3338,3338,0,18
3339,3339,0,8
3340,3340,0,11
3341,3341,0,13
3342,3342,0,13
3343,3343,0,6
3344,3344,0,16
3345,3345,0,0
3346,3346,0,10
3347,3347,0,12
3348,3348,0,17
3349,3349,0,19
3350,3350,0,26
3351,3351,0,18
3352,3352,0,15
3353,3353,0,20
3354,3354,0,16
3355,3355,0,15
3356,3356,0,13
3357,3357,0,19
3358,3358,0,16
3359,3359,0,4
3360,3360,0,15
3361,3361,0,20
3362,3362,0,15
3363,3363,0,24
3364,3364,0,31
3365,3365,0,17
3366,3366,0,7
3367,3367,0,19
3368,3368,0,14
3369,3369,0,12
3370,3370,0,8
3371,3371,0,15
3372,3372,0,15
3373,3373,0,11
3374,3374,0,15
3375,3375,0,17
3376,3376,0,13
3377,3377,0,10
3378,3378,0,16
3379,3379,0,13
3380,3380,0,18
3381,3381,0,7
3382,3382,0,10
3383,3383,0,14
3384,3384,0,19
3385,3385,0,18
3386,3386,0,5
3387,3387,0,6
3388,3388,0,19
3389,3389,0,5
3390,3390,0,3
3391,3391,0,17
3392,3392,0,18
3393,3393,0,22
3394,3394,0,25
3395,3395,0,12
3396,3396,0,15
3397,3397,0,11
3398,3398,0,19
3399,3399,0,0
3400,3400,0,6
3401,3401,0,1
3402,3402,0,14
3403,3403,0,11
3404,3404,0,10
3405,3405,0,4
3406,3406,0,4
3407,3407,0,12
3408,3408,0,6
3409,3409,0,9
3410,3410,0,7
3411,3411,0,19
3412,3412,0,5
3413,3413,0,13
3414,3414,0,15
3415,3415,0,13
3416,3416,0,10
3417,3417,0,14
3418,3418,0,22
3419,3419,0,17
3420,3420,0,13
3421,3421,0,9
3422,3422,0,16
3423,3423,0,14
3424,3424,0,9
3425,3425,0,6
3426,3426,0,6
3427,3427,0,6
3428,3428,0,11
3429,3429,0,10
3430,3430,0,7
3431,3431,0,13
3432,3432,0,15
3433,3433,0,15
3434,3434,0,12
3435,3435,0,7
3436,3436,0,12
3437,3437,0,9
3438,3438,0,19
3439,3439,0,15
3440,3440,0,11
3441,3441,0,8
3442,3442,0,5
3443,3443,0,24
3444,3444,0,21
3445,3445,0,14
3446,3446,0,18
3447,3447,0,17
3448,3448,0,17
3449,3449,0,20
3450,3450,0,33
3451,3451,0,29
3452,3452,0,28
3453,3453,0,19
3454,3454,0,24
3455,3455,0,24
3456,3456,0,25
3457,3457,0,14
3458,3458,0,13
3459,3459,0,21
3460,3460,0,11
3461,3461,0,20
3462,3462,0,3
3463,3463,0,10
3464,3464,0,16
3465,3465,0,21
3466,3466,0,16
3467,3467,0,12
3468,3468,0,1
3469,3469,0,17
3470,3470,0,7
3471,3471,0,12
3472,3472,0,13
3473,3473,0,6
3474,3474,0,17
3475,3475,0,6
3476,3476,0,7
3477,3477,0,0
3478,3478,0,15
3479,3479,0,15
3480,3480,0,12
3481,3481,0,23
3482,3482,0,4
3483,3483,0,14
3484,3484,0,11
3485,3485,0,8
3486,3486,0,16
3487,3487,0,2
3488,3488,0,12
3489,3489,0,13
3490,3490,0,8
3491,3491,0,9
3492,3492,0,9
3493,3493,0,15
3494,3494,0,17
3495,3495,0,3
3496,3496,0,8
3497,3497,0,4
3498,3498,0,20
3499,3499,0,11
3500,3500,0,10
3501,3501,0,20
3502,3502,0,18
3503,3503,0,17
3504,3504,0,12
3505,3505,0,9
3506,3506,0,10
3507,3507,0,7
3508,3508,0,20
3509,3509,0,17
3510,3510,0,16
3511,3511,0,8
3512,3512,0,1
3513,3513,0,18
3514,3514,0,18
3515,3515,0,17
3516,3516,0,19
3517,3517,0,26
3518,3518,0,17
3519,3519,0,14
3520,3520,0,20
3521,3521,0,14
3522,3522,0,19
3523,3523,0,11
3524,3524,0,28
3525,3525,0,24
3526,3526,0,10
3527,3527,0,20
3528,3528,0,17
3529,3529,0,12
3530,3530,0,9
3531,3531,0,14
3532,3532,0,10
3533,3533,0,9
3534,3534,0,18
3535,3535,0,21
3536,3536,0,17
3537,3537,0,17
3538,3538,0,14
3539,3539,0,23
3540,3540,0,20
3541,3541,0,17
3542,3542,0,13
3543,3543,0,14
3544,3544,0,19
3545,3545,0,6
3546,3546,0,14
3547,3547,0,16
3548,3548,0,7
3549,3549,0,7
3550,3550,0,8
3551,3551,0,9
3552,3552,0,11
3553,3553,0,13
3554,3554,0,17
3555,3555,0,11
3556,3556,0,4
3557,3557,0,12
3558,3558,0,6
3559,3559,0,10
3560,3560,0,2
3561,3561,0,10
3562,3562,0,6
3563,3563,0,14
3564,3564,0,14
3565,3565,0,7
3566,3566,0,16
3567,3567,0,8
3568,3568,0,21
3569,3569,0,6
3570,3570,0,12
3571,3571,0,7
3572,3572,0,10
3573,3573,0,15
3574,3574,0,16
3575,3575,0,14
3576,3576,0,11
3577,3577,0,22
3578,3578,0,13
3579,3579,0,5
3580,3580,0,-2
3581,3581,0,3
3582,3582,0,8
3583,3583,0,25
3584,3584,0,13
3585,3585,0,14
3586,3586,0,13
3587,3587,0,7
3588,3588,0,6
3589,3589,0,9
3590,3590,0,3
3591,3591,0,-6
3592,3592,0,0
3593,3593,0,8
3594,3594,0,11
3595,3595,0,14
3596,3596,0,13
3597,3597,0,19
3598,3598,0,24
3599,3599,0,20
3600,3600,0,15
3601,3601,0,15
3602,3602,0,17
3603,3603,0,20
3604,3604,0,15
3605,3605,0,17
3606,3606,0,9
3607,3607,0,7
3608,3608,0,12
3609,3609,0,12
3610,3610,0,11
3611,3611,0,17
3612,3612,0,25
3613,3613,0,17
3614,3614,0,17
3615,3615,0,14
3616,3616,0,17
3617,3617,0,17
3618,3618,0,10
3619,3619,0,13
3620,3620,0,17
3621,3621,0,17
3622,3622,0,14
3623,3623,0,22
3624,3624,0,10
3625,3625,0,14
3626,3626,0,9
3627,3627,0,12
3628,3628,0,15
3629,3629,0,16
3630,3630,0,18
3631,3631,0,17
3632,3632,0,7
3633,3633,0,11
3634,3634,0,14
3635,3635,0,20
3636,3636,0,8
3637,3637,0,21
3638,3638,0,10
3639,3639,0,10
3640,3640,0,5
3641,3641,0,2
3642,3642,0,-1
3643,3643,0,8
3644,3644,0,12
3645,3645,0,9
3646,3646,0,14
3647,3647,0,9
3648,3648,0,9
3649,3649,0,3
3650,3650,0,18
3651,3651,0,3
3652,3652,0,19
3653,3653,0,13
3654,3654,0,6
3655,3655,0,11
3656,3656,0,14
3657,3657,0,6
3658,3658,0,9
3659,3659,0,10
3660,3660,0,16
3661,3661,0,26
3662,3662,0,16
3663,3663,0,10
3664,3664,0,1
3665,3665,0,4
3666,3666,0,3
3667,3667,0,16
3668,3668,0,16
3669,3669,0,24
3670,3670,0,15
3671,3671,0,17
3672,3672,0,11
3673,3673,0,2
3674,3674,0,-1
3675,3675,0,8
3676,3676,0,19
3677,3677,0,23
3678,3678,0,23
3679,3679,0,24
3680,3680,0,10
3681,3681,0,10
3682,3682,0,15
3683,3683,0,13
3684,3684,0,17
3685,3685,0,19
3686,3686,0,17
3687,3687,0,19
3688,3688,0,14
3689,3689,0,9
3690,3690,0,12
3691,3691,0,12
3692,3692,0,16
3693,3693,0,14
3694,3694,0,12
3695,3695,0,19
3696,3696,0,26
3697,3697,0,17
3698,3698,0,14
3699,3699,0,14
3700,3700,0,21
3701,3701,0,21
3702,3702,0,8
3703,3703,0,25
3704,3704,0,18
3705,3705,0,12
3706,3706,0,16
3707,3707,0,10
3708,3708,0,19
3709,3709,0,16
3710,3710,0,12
3711,3711,0,9
3712,3712,0,16
3713,3713,0,6
3714,3714,0,9
3715,3715,0,16
3716,3716,0,16
3717,3717,0,13
3718,3718,0,21
3719,3719,0,-3
3720,3720,0,19
3721,3721,0,13
3722,3722,0,9
3723,3723,0,7
3724,3724,0,11
3725,3725,0,14
3726,3726,0,7
3727,3727,0,8
3728,3728,0,1
3729,3729,0,5
3730,3730,0,6
3731,3731,0,13
3732,3732,0,6
3733,3733,0,14
3734,3734,0,10
3735,3735,0,0
3736,3736,0,1
3737,3737,0,11
3738,3738,0,13
3739,3739,0,8
3740,3740,0,11
3741,3741,0,17
3742,3742,0,4
3743,3743,0,13
3744,3744,0,6
3745,3745,0,9
3746,3746,0,13
3747,3747,0,16
3748,3748,0,9
3749,3749,0,5
3750,3750,0,20
3751,3751,0,14
3752,3752,0,22
3753,3753,0,19
3754,3754,0,22
3755,3755,0,10
3756,3756,0,36
3757,3757,0,8
3758,3758,0,5
3759,3759,0,15
3760,3760,0,13
3761,3761,0,23
3762,3762,0,19
3763,3763,0,13
3764,3764,0,21
3765,3765,0,0
3766,3766,0,12
3767,3767,0,14
3768,3768,0,13
3769,3769,0,23
3770,3770,0,12
3771,3771,0,18
3772,3772,0,14
3773,3773,0,26
3774,3774,0,15
3775,3775,0,28
3776,3776,0,26
3777,3777,0,7
3778,3778,0,18
3779,3779,0,7
3780,3780,0,9
3781,3781,0,14
3782,3782,0,26
3783,3783,0,10
3784,3784,0,15
3785,3785,0,23
3786,3786,0,21
3787,3787,0,21
3788,3788,0,11
3789,3789,0,8
3790,3790,0,15
3791,3791,0,4
3792,3792,0,-1
3793,3793,0,10
3794,3794,0,8
3795,3795,0,10
3796,3796,0,18
3797,3797,0,20
3798,3798,0,17
3799,3799,0,19
3800,3800,0,13
3801,3801,0,15
3802,3802,0,4
3803,3803,0,15
3804,3804,0,10
3805,3805,0,13
3806,3806,0,7
3807,3807,0,0
3808,3808,0,3
3809,3809,0,4
3810,3810,0,3
3811,3811,0,13
3812,3812,0,9
3813,3813,0,13
3814,3814,0,2
3815,3815,0,9
3816,3816,0,0
3817,3817,0,14
3818,3818,0,16
3819,3819,0,9
3820,3820,0,21
3821,3821,0,17
3822,3822,0,13
3823,3823,0,8
3824,3824,0,9
3825,3825,0,10
3826,3826,0,11
3827,3827,0,22
3828,3828,0,10
3829,3829,0,15
3830,3830,0,11
3831,3831,0,5
3832,3832,0,10
3833,3833,0,20
3834,3834,0,20
3835,3835,0,11
3836,3836,0,12
3837,3837,0,14
3838,3838,0,17
3839,3839,0,22
3840,3840,0,17
3841,3841,0,7
3842,3842,0,3
3843,3843,0,14
3844,3844,0,13
3845,3845,0,15
3846,3846,0,21
3847,3847,0,18
3848,3848,0,21
3849,3849,0,21
3850,3850,0,15
3851,3851,0,19
3852,3852,0,22
3853,3853,0,17
3854,3854,0,17
3855,3855,0,20
3856,3856,0,21
3857,3857,0,24
3858,3858,0,13
3859,3859,0,8
3860,3860,0,5
3861,3861,0,24
3862,3862,0,5
3863,3863,0,10
3864,3864,0,4
3865,3865,0,1
3866,3866,0,14
3867,3867,0,8
3868,3868,0,23
3869,3869,0,26
3870,3870,0,18
3871,3871,0,17
3872,3872,0,8
3873,3873,0,11
3874,3874,0,8
3875,3875,0,6
3876,3876,0,6
3877,3877,0,5
3878,3878,0,17
3879,3879,0,15
3880,3880,0,9
3881,3881,0,18
3882,3882,0,5
3883,3883,0,6
3884,3884,0,4
3885,3885,0,8
3886,3886,0,0
3887,3887,0,-2
3888,3888,0,6
3889,3889,0,9
3890,3890,0,8
3891,3891,0,12
3892,3892,0,12
3893,3893,0,16
3894,3894,0,3
3895,3895,0,2
3896,3896,0,9
3897,3897,0,8
3898,3898,0,14
3899,3899,0,19
3900,3900,0,23
3901,3901,0,18
3902,3902,0,17
3903,3903,0,10
3904,3904,0,5
3905,3905,0,10
3906,3906,0,9
3907,3907,0,3
3908,3908,0,12
3909,3909,0,10
3910,3910,0,18
3911,3911,0,18
3912,3912,0,20
3913,3913,0,27
3914,3914,0,14
3915,3915,0,17
3916,3916,0,7
3917,3917,0,13
3918,3918,0,13
3919,3919,0,17
3920,3920,0,13
3921,3921,0,19
3922,3922,0,16
3923,3923,0,15
3924,3924,0,9
3925,3925,0,13
3926,3926,0,14
3927,3927,0,16
3928,3928,0,17
3929,3929,0,30
3930,3930,0,24
3931,3931,0,22
3932,3932,0,16
3933,3933,0,18
3934,3934,0,21
3935,3935,0,13
3936,3936,0,12
3937,3937,0,15
3938,3938,0,13
3939,3939,0,10
3940,3940,0,12
3941,3941,0,22
3942,3942,0,12
3943,3943,0,15
3944,3944,0,17
3945,3945,0,14
3946,3946,0,5
3947,3947,0,10
3948,3948,0,13
3949,3949,0,11
3950,3950,0,7
3951,3951,0,10
3952,3952,0,5
3953,3953,0,17
3954,3954,0,14
3955,3955,0,9
3956,3956,0,16
3957,3957,0,19
3958,3958,0,13
3959,3959,0,12
3960,3960,0,10
3961,3961,0,2
3962,3962,0,10
3963,3963,0,6
3964,3964,0,14
3965,3965,0,18
3966,3966,0,13
3967,3967,0,14
3968,3968,0,5
3969,3969,0,10
3970,3970,0,15
3971,3971,0,1
3972,3972,0,13
3973,3973,0,11
3974,3974,0,9
3975,3975,0,3
3976,3976,0,8
3977,3977,0,9
3978,3978,0,17
3979,3979,0,17
3980,3980,0,15
3981,3981,0,11
3982,3982,0,1
3983,3983,0,8
3984,3984,0,9
3985,3985,0,7
3986,3986,0,12
3987,3987,0,4
3988,3988,0,17
3989,3989,0,13
3990,3990,0,11
3991,3991,0,11
3992,3992,0,14
3993,3993,0,17
3994,3994,0,30
3995,3995,0,21
3996,3996,0,7
3997,3997,0,19
3998,3998,0,10
3999,3999,0,12
4000,4000,0,11
4001,4001,0,5
4002,4002,0,15
4003,4003,0,7
4004,4004,0,15
4005,4005,0,19
4006,4006,0,15
4007,4007,0,12
4008,4008,0,13
4009,4009,0,19
4010,4010,0,21
4011,4011,0,26
4012,4012,0,23
4013,4013,0,17
4014,4014,0,17
4015,4015,0,20
4016,4016,0,16
4017,4017,0,26
4018,4018,0,19
4019,4019,0,17
4020,4020,0,19
4021,4021,0,22
4022,4022,0,9
4023,4023,0,16
4024,4024,0,22
4025,4025,0,20
4026,4026,0,18
4027,4027,0,17
4028,4028,0,18
4029,4029,0,20
4030,4030,0,9
4031,4031,0,15
4032,4032,0,12
4033,4033,0,10
4034,4034,0,-5
4035,4035,0,0
4036,4036,0,5
4037,4037,0,7
4038,4038,0,17
4039,4039,0,4
4040,4040,0,0
4041,4041,0,7
4042,4042,0,10
4043,4043,0,3
4044,4044,0,9
4045,4045,0,8
4046,4046,0,12
4047,4047,0,13
4048,4048,0,9
4049,4049,0,1
4050,4050,0,2
4051,4051,0,6
4052,4052,0,-5
4053,4053,0,2
4054,4054,0,13
4055,4055,0,14
4056,4056,0,22
4057,4057,0,16
4058,4058,0,12
4059,4059,0,7
4060,4060,0,7
4061,4061,0,5
4062,4062,0,9
4063,4063,0,1
4064,4064,0,5
4065,4065,0,6
4066,4066,0,17
4067,4067,0,7
4068,4068,0,17
4069,4069,0,15
4070,4070,0,12
4071,4071,0,4
4072,4072,0,21
4073,4073,0,22
4074,4074,0,18
4075,4075,0,19
4076,4076,0,11
4077,4077,0,1
4078,4078,0,5
4079,4079,0,8
4080,4080,0,23
4081,4081,0,12
4082,4082,0,15
4083,4083,0,6
4084,4084,0,14
4085,4085,0,11
4086,4086,0,13
4087,4087,0,17
4088,4088,0,9
4089,4089,0,12
4090,4090,0,10
4091,4091,0,6
4092,4092,0,15
4093,4093,0,9
4094,4094,0,18
4095,4095,0,16
4096,4096,1,17
4097,4097,0,20
4098,4098,0,15
4099,4099,0,8
4100,4100,0,13
4101,4101,0,19
4102,4102,0,18
4103,4103,0,11
4104,4104,0,11
4105,4105,0,15
4106,4106,0,17
4107,4107,0,13
4108,4108,0,16
4109,4109,0,9
4110,4110,0,22
4111,4111,0,22
4112,4112,0,14
4113,4113,0,19
4114,4114,0,12
4115,4115,0,5
4116,4116,0,-1
4117,4117,0,18
4118,4118,0,9
4119,4119,0,9
4120,4120,0,10
4121,4121,0,5
4122,4122,0,2
4123,4123,0,9
4124,4124,0,14
4125,4125,0,3
4126,4126,0,8
4127,4127,0,0
4128,4128,0,16
4129,4129,0,7
4130,4130,0,13
4131,4131,0,14
4132,4132,0,20
4133,4133,0,22
4134,4134,0,18
4135,4135,0,14
4136,4136,0,24
4137,4137,0,17
4138,4138,0,13
4139,4139,0,8
4140,4140,0,11
4141,4141,0,10
4142,4142,0,21
4143,4143,0,8
4144,4144,0,19
4145,4145,0,13
4146,4146,0,2
4147,4147,0,13
4148,4148,0,10
4149,4149,0,7
4150,4150,0,10
4151,4151,0,13
4152,4152,0,23
4153,4153,0,22
4154,4154,0,12
4155,4155,0,14
4156,4156,0,16
4157,4157,0,10
4158,4158,0,27
4159,4159,0,19
4160,4160,0,12
4161,4161,0,14
4162,4162,0,18
4163,4163,0,4
4164,4164,0,12
4165,4165,0,14
4166,4166,0,16
4167,4167,0,16
4168,4168,0,12
4169,4169,0,13
4170,4170,0,25
4171,4171,0,13
4172,4172,0,12
4173,4173,0,13
4174,4174,0,18
4175,4175,0,5
4176,4176,0,9
4177,4177,0,9
4178,4178,0,15
4179,4179,0,22
4180,4180,0,12
4181,4181,0,17
4182,4182,0,18
4183,4183,0,16
4184,4184,0,16
4185,4185,0,0
4186,4186,0,17
4187,4187,0,9
4188,4188,0,17
4189,4189,0,12
4190,4190,0,11
4191,4191,0,9
4192,4192,0,15
4193,4193,0,22
4194,4194,0,7
4195,4195,0,14
4196,4196,0,3
4197,4197,0,11
4198,4198,0,16
4199,4199,0,20
4200,4200,0,14
4201,4201,0,14
4202,4202,0,11
4203,4203,0,14
4204,4204,0,16
4205,4205,0,5
4206,4206,0,6
4207,4207,0,7
4208,4208,0,10
4209,4209,0,14
4210,4210,0,2
4211,4211,0,1
4212,4212,0,10
4213,4213,0,1
4214,4214,0,11
4215,4215,0,11
4216,4216,0,6
4217,4217,0,22
4218,4218,0,8
4219,4219,0,3
4220,4220,0,3
4221,4221,0,8
4222,4222,0,17
4223,4223,0,10
4224,4224,0,16
4225,4225,0,26
4226,4226,0,12
4227,4227,0,21
4228,4228,0,3
4229,4229,0,16
4230,4230,0,9
4231,4231,0,9
4232,4232,0,11
4233,4233,0,2
4234,4234,0,6
4235,4235,0,10
4236,4236,0,16
4237,4237,0,19
4238,4238,0,9
4239,4239,0,20
4240,4240,0,13
4241,4241,0,12
4242,4242,0,12
4243,4243,0,19
4244,4244,0,15
4245,4245,0,13
4246,4246,0,22
4247,4247,0,15
4248,4248,0,20
4249,4249,0,22
4250,4250,0,16
4251,4251,0,19
4252,4252,0,23
4253,4253,0,17
4254,4254,0,19
4255,4255,0,13
4256,4256,0,19
4257,4257,0,28
4258,4258,0,14
4259,4259,0,9
4260,4260,0,8
4261,4261,0,19
4262,4262,0,16
4263,4263,0,10
4264,4264,0,16
4265,4265,0,22
4266,4266,0,9
4267,4267,0,8
4268,4268,0,16
4269,4269,0,14
4270,4270,0,7
4271,4271,0,9
4272,4272,0,10
4273,4273,0,8
4274,4274,0,5
4275,4275,0,19
4276,4276,0,16
4277,4277,0,4
4278,4278,0,12
4279,4279,0,10
4280,4280,0,15
4281,4281,0,12
4282,4282,0,9
4283,4283,0,22
4284,4284,0,15
4285,4285,0,9
4286,4286,0,8
4287,4287,0,6
4288,4288,0,17
4289,4289,0,15
4290,4290,0,5
4291,4291,0,14
4292,4292,0,5
4293,4293,0,10
4294,4294,0,10
4295,4295,0,8
4296,4296,0,-2
4297,4297,0,9
4298,4298,0,5
4299,4299,0,9
4300,4300,0,2
4301,4301,0,26
4302,4302,0,13
4303,4303,0,11
4304,4304,0,0
4305,4305,0,14
4306,4306,0,3
4307,4307,0,10
4308,4308,0,4
4309,4309,0,8
4310,4310,0,24
4311,4311,0,10
4312,4312,0,8
4313,4313,0,14
4314,4314,0,8
4315,4315,0,21
4316,4316,0,16
4317,4317,0,20
4318,4318,0,19
4319,4319,0,24
4320,4320,0,21
4321,4321,0,12
4322,4322,0,8
4323,4323,0,13
4324,4324,0,9
4325,4325,0,17
4326,4326,0,13
4327,4327,0,13
4328,4328,0,17
4329,4329,0,17
4330,4330,0,12
4331,4331,0,3
4332,4332,0,5
4333,4333,0,16
4334,4334,0,12
4335,4335,0,24
4336,4336,0,12
4337,4337,0,14
4338,4338,0,17
4339,4339,0,16
4340,4340,0,15
4341,4341,0,19
4342,4342,0,17
4343,4343,0,13
4344,4344,0,13
4345,4345,0,20
4346,4346,0,23
4347,4347,0,9
4348,4348,0,11
4349,4349,0,6
4350,4350,0,10
4351,4351,0,16
4352,4352,0,23
4353,4353,0,3
4354,4354,0,4
4355,4355,0,19
4356,4356,0,7
4357,4357,0,6
4358,4358,0,3
4359,4359,0,5
4360,4360,0,11
4361,4361,0,15
4362,4362,0,7
4363,4363,0,15
4364,4364,0,8
4365,4365,0,10
4366,4366,0,12
4367,4367,0,16
4368,4368,0,2
4369,4369,0,16
4370,4370,0,23
4371,4371,0,14
4372,4372,0,10
4373,4373,0,9
4374,4374,0,17
4375,4375,0,7
4376,4376,0,7
4377,4377,0,7
4378,4378,0,18
4379,4379,0,11
4380,4380,0,9
4381,4381,0,14
4382,4382,0,9
4383,4383,0,-1
4384,4384,0,5
4385,4385,0,18
4386,4386,0,18
4387,4387,0,8
4388,4388,0,14
4389,4389,0,14
4390,4390,0,9
4391,4391,0,9
4392,4392,0,5
4393,4393,0,3
4394,4394,0,13
4395,4395,0,3
4396,4396,0,15
4397,4397,0,15
4398,4398,0,15
4399,4399,0,16
4400,4400,0,18
4401,4401,0,12
4402,4402,0,10
4403,4403,0,12
4404,4404,0,13
4405,4405,0,9
4406,4406,0,16
4407,4407,0,17
4408,4408,0,7
4409,4409,0,8
4410,4410,0,11
4411,4411,0,16
4412,4412,0,9
4413,4413,0,10
4414,4414,0,17
4415,4415,0,17
4416,4416,0,9
4417,4417,0,16
4418,4418,0,12
4419,4419,0,10
4420,4420,0,11
4421,4421,0,11
4422,4422,0,19
4423,4423,0,13
4424,4424,0,8
4425,4425,0,22
4426,4426,0,22
4427,4427,0,15
4428,4428,0,12
4429,4429,0,18
4430,4430,0,14
4431,4431,0,14
4432,4432,0,14
4433,4433,0,12
4434,4434,0,18
4435,4435,0,7
4436,4436,0,13
4437,4437,0,11
4438,4438,0,16
4439,4439,0,6
4440,4440,0,4
4441,4441,0,-4
4442,4442,0,17
4443,4443,0,13
4444,4444,0,2
4445,4445,0,3
4446,4446,0,12
4447,4447,0,8
4448,4448,0,12
4449,4449,0,15
4450,4450,0,14
4451,4451,0,15
4452,4452,0,-1
4453,4453,0,12
4454,4454,0,17
4455,4455,0,12
4456,4456,0,10
4457,4457,0,17
4458,4458,0,13
4459,4459,0,17
4460,4460,0,-1
4461,4461,0,6
4462,4462,0,10
4463,4463,0,12
4464,4464,0,13
4465,4465,0,9
4466,4466,0,21
4467,4467,0,18
4468,4468,0,7
4469,4469,0,13
4470,4470,0,12
4471,4471,0,14
4472,4472,0,17
4473,4473,0,15
4474,4474,0,16
4475,4475,0,20
4476,4476,0,20
4477,4477,0,20
4478,4478,0,10
4479,4479,0,16
4480,4480,0,11
4481,4481,0,16
4482,4482,0,14
4483,4483,0,10
4484,4484,0,13
4485,4485,0,24
4486,4486,0,22
4487,4487,0,23
4488,4488,0,22
4489,4489,0,10
4490,4490,0,18
4491,4491,0,17
4492,4492,0,13
4493,4493,0,17
4494,4494,0,8
4495,4495,0,7
4496,4496,0,14
4497,4497,0,7
4498,4498,0,11
4499,4499,0,10
4500,4500,0,17
4501,4501,0,17
4502,4502,0,17
4503,4503,0,16
4504,4504,0,15
4505,4505,0,11
4506,4506,0,8
4507,4507,0,10
4508,4508,0,12
4509,4509,0,17
4510,4510,0,5
4511,4511,0,11
4512,4512,0,12
4513,4513,0,10
4514,4514,0,15
4515,4515,0,16
4516,4516,0,24
4517,4517,0,18
4518,4518,0,11
4519,4519,0,18
4520,4520,0,8
4521,4521,0,6
4522,4522,0,1
4523,4523,0,6
4524,4524,0,24
4525,4525,0,12
4526,4526,0,19
4527,4527,0,17
4528,4528,0,2
4529,4529,0,2
4530,4530,0,10
4531,4531,0,6
4532,4532,0,0
4533,4533,0,3
4534,4534,0,7
4535,4535,0,19
4536,4536,0,5
4537,4537,0,9
4538,4538,0,7
4539,4539,0,7
4540,4540,0,4
4541,4541,0,9
4542,4542,0,11
4543,4543,0,11
4544,4544,0,7
4545,4545,0,5
4546,4546,0,7
4547,4547,0,13
4548,4548,0,11
4549,4549,0,11
4550,4550,0,13
4551,4551,0,23
4552,4552,0,26
4553,4553,0,20
4554,4554,0,21
4555,4555,0,15
4556,4556,0,19
4557,4557,0,10
4558,4558,0,10
4559,4559,0,13
4560,4560,0,19
4561,4561,0,15
4562,4562,0,18
4563,4563,0,16
4564,4564,0,12
4565,4565,0,20
4566,4566,0,16
4567,4567,0,16
4568,4568,0,22
4569,4569,0,32
4570,4570,0,9
4571,4571,0,17
4572,4572,0,26
4573,4573,0,16
4574,4574,0,12
4575,4575,0,15
4576,4576,0,17
4577,4577,0,16
4578,4578,0,12
4579,4579,0,12
4580,4580,0,15
4581,4581,0,18
4582,4582,0,15
4583,4583,0,13
4584,4584,0,10
4585,4585,0,19
4586,4586,0,26
4587,4587,0,25
4588,4588,0,25
4589,4589,0,13
4590,4590,0,18
4591,4591,0,25
4592,4592,0,17
4593,4593,0,21
4594,4594,0,7
4595,4595,0,7
4596,4596,0,9
4597,4597,0,6
4598,4598,0,3
4599,4599,0,15
4600,4600,0,5
4601,4601,0,6
4602,4602,0,10
4603,4603,0,9
4604,4604,0,8
4605,4605,0,15
4606,4606,0,16
4607,4607,0,2
4608,4608,0,8
4609,4609,0,2
4610,4610,0,8
4611,4611,0,8
4612,4612,0,11
4613,4613,0,4
4614,4614,0,8
4615,4615,0,0
4616,4616,0,9
4617,4617,0,7
4618,4618,0,10
4619,4619,0,4
4620,4620,0,1
4621,4621,0,9
4622,4622,0,16
4623,4623,0,16
4624,4624,0,9
4625,4625,0,7
4626,4626,0,3
4627,4627,0,3
4628,4628,0,14
4629,4629,0,5
4630,4630,0,23
4631,4631,0,10
4632,4632,0,5
4633,4633,0,17
4634,4634,0,8
4635,4635,0,22
4636,4636,0,27
4637,4637,0,17
4638,4638,0,15
4639,4639,0,16
4640,4640,0,12
4641,4641,0,19
4642,4642,0,8
4643,4643,0,13
4644,4644,0,22
4645,4645,0,21
4646,4646,0,19
4647,4647,0,7
4648,4648,0,21
4649,4649,0,11
4650,4650,0,9
4651,4651,0,14
4652,4652,0,32
4653,4653,0,17
4654,4654,0,13
4655,4655,0,11
4656,4656,0,13
4657,4657,0,9
4658,4658,0,10
4659,4659,0,19
4660,4660,0,16
4661,4661,0,13
4662,4662,0,6
4663,4663,0,16
4664,4664,0,19
4665,4665,0,4
4666,4666,0,12
4667,4667,0,5
4668,4668,0,13
4669,4669,0,13
4670,4670,0,10
4671,4671,0,15
4672,4672,0,16
4673,4673,0,13
4674,4674,0,7
4675,4675,0,15
4676,4676,0,11
4677,4677,0,19
4678,4678,0,16
4679,4679,0,14
4680,4680,0,27
4681,4681,0,22
4682,4682,0,11
4683,4683,0,14
4684,4684,0,4
4685,4685,0,6
4686,4686,0,9
4687,4687,0,0
4688,4688,0,5
4689,4689,0,7
4690,4690,0,11
4691,4691,0,17
4692,4692,0,10
4693,4693,0,10
4694,4694,0,16
4695,4695,0,14
4696,4696,0,17
4697,4697,0,11
4698,4698,0,7
4699,4699,0,12
4700,4700,0,8
4701,4701,0,8
4702,4702,0,18
4703,4703,0,5
4704,4704,0,27
4705,4705,0,28
4706,4706,0,14
4707,4707,0,16
4708,4708,0,13
4709,4709,0,6
4710,4710,0,15
4711,4711,0,20
4712,4712,0,7
4713,4713,0,12
4714,4714,0,12
4715,4715,0,16
4716,4716,0,17
4717,4717,0,14
4718,4718,0,19
4719,4719,0,11
4720,4720,0,6
4721,4721,0,14
4722,4722,0,14
4723,4723,0,10
4724,4724,0,13
4725,4725,0,17
4726,4726,0,14
4727,4727,0,11
4728,4728,0,10
4729,4729,0,14
4730,4730,0,24
4731,4731,0,19
4732,4732,0,21
4733,4733,0,18
4734,4734,0,20
4735,4735,0,17
4736,4736,0,16
4737,4737,0,14
4738,4738,0,7
4739,4739,0,21
4740,4740,0,4
4741,4741,0,5
4742,4742,0,8
4743,4743,0,6
4744,4744,0,11
4745,4745,0,0
4746,4746,0,9
4747,4747,0,8
4748,4748,0,10
4749,4749,0,-1
4750,4750,0,10
4751,4751,0,5
4752,4752,0,4
4753,4753,0,6
4754,4754,0,14
4755,4755,0,17
4756,4756,0,11
4757,4757,0,12
4758,4758,0,15
4759,4759,0,2
4760,4760,0,2
4761,4761,0,10
4762,4762,0,7
4763,4763,0,2
4764,4764,0,12
4765,4765,0,2
4766,4766,0,7
4767,4767,0,12
4768,4768,0,12
4769,4769,0,5
4770,4770,0,1
4771,4771,0,3
4772,4772,0,17
4773,4773,0,7
4774,4774,0,1
4775,4775,0,8
4776,4776,0,8
4777,4777,0,6
4778,4778,0,2
4779,4779,0,10
4780,4780,0,11
4781,4781,0,22
4782,4782,0,14
4783,4783,0,2
4784,4784,0,14
4785,4785,0,5
4786,4786,0,4
4787,4787,0,12
4788,4788,0,15
4789,4789,0,19
4790,4790,0,19
4791,4791,0,14
4792,4792,0,14
4793,4793,0,16
4794,4794,0,14
4795,4795,0,19
4796,4796,0,17
4797,4797,0,11
4798,4798,0,16
4799,4799,0,29
4800,4800,0,17
4801,4801,0,20
4802,4802,0,20
4803,4803,0,6
4804,4804,0,15
4805,4805,0,14
4806,4806,0,19
4807,4807,0,20
4808,4808,0,14
4809,4809,0,17
4810,4810,0,23
4811,4811,0,19
4812,4812,0,17
4813,4813,0,17
4814,4814,0,20
4815,4815,0,19
4816,4816,0,24
4817,4817,0,15
4818,4818,0,14
4819,4819,0,12
4820,4820,0,19
4821,4821,0,19
4822,4822,0,14
4823,4823,0,22
4824,4824,0,11
4825,4825,0,14
4826,4826,0,11
4827,4827,0,14
4828,4828,0,11
4829,4829,0,12
4830,4830,0,13
4831,4831,0,12
4832,4832,0,8
4833,4833,0,12
4834,4834,0,14
4835,4835,0,6
4836,4836,0,17
4837,4837,0,10
4838,4838,0,9
4839,4839,0,5
4840,4840,0,21
4841,4841,0,18
4842,4842,0,8
4843,4843,0,10
4844,4844,0,11
4845,4845,0,14
4846,4846,0,8
4847,4847,0,10
4848,4848,0,3
4849,4849,0,2
4850,4850,0,3
4851,4851,0,10
4852,4852,0,6
4853,4853,0,10
4854,4854,0,3
4855,4855,0,10
4856,4856,0,10
4857,4857,0,14
4858,4858,0,18
4859,4859,0,12
4860,4860,0,7
4861,4861,0,12
4862,4862,0,7
4863,4863,0,6
4864,4864,0,3
4865,4865,0,-2
4866,4866,0,9
4867,4867,0,-3
4868,4868,0,11
4869,4869,0,10
4870,4870,0,28
4871,4871,0,20
4872,4872,0,17
4873,4873,0,11
4874,4874,0,8
4875,4875,0,21
4876,4876,0,14
4877,4877,0,15
4878,4878,0,7
4879,4879,0,6
4880,4880,0,12
4881,4881,0,18
4882,4882,0,15
4883,4883,0,14
4884,4884,0,10
4885,4885,0,13
4886,4886,0,14
4887,4887,0,9
4888,4888,0,11
4889,4889,0,12
4890,4890,0,18
4891,4891,0,8
4892,4892,0,7
4893,4893,0,3
4894,4894,0,16
4895,4895,0,15
4896,4896,0,18
4897,4897,0,11
4898,4898,0,8
4899,4899,0,17
4900,4900,0,20
4901,4901,0,17
4902,4902,0,13
4903,4903,0,17
4904,4904,0,24
4905,4905,0,16
4906,4906,0,15
4907,4907,0,4
4908,4908,0,10
4909,4909,0,15
4910,4910,0,14
4911,4911,0,6
4912,4912,0,4
4913,4913,0,-1
4914,4914,0,20
4915,4915,0,15
4916,4916,0,0
4917,4917,0,15
4918,4918,0,18
4919,4919,0,11
4920,4920,0,15
4921,4921,0,17
4922,4922,0,17
4923,4923,0,14
4924,4924,0,6
4925,4925,0,9
4926,4926,0,9
4927,4927,0,5
4928,4928,0,14
4929,4929,0,12
4930,4930,0,20
4931,4931,0,10
4932,4932,0,12
4933,4933,0,1
4934,4934,0,5
4935,4935,0,6
4936,4936,0,8
4937,4937,0,11
4938,4938,0,13
4939,4939,0,12
4940,4940,0,10
4941,4941,0,6
4942,4942,0,4
4943,4943,0,12
4944,4944,0,15
4945,4945,0,12
4946,4946,0,13
4947,4947,0,5
4948,4948,0,4
4949,4949,0,1
4950,4950,0,10
4951,4951,0,11
4952,4952,0,17
4953,4953,0,16
4954,4954,0,7
4955,4955,0,10
4956,4956,0,12
4957,4957,0,20
4958,4958,0,16
4959,4959,0,11
4960,4960,0,5
4961,4961,0,2
4962,4962,0,21
4963,4963,0,22
4964,4964,0,11
4965,4965,0,17
4966,4966,0,22
4967,4967,0,17
4968,4968,0,17
4969,4969,0,11
4970,4970,0,13
4971,4971,0,4
4972,4972,0,23
4973,4973,0,13
4974,4974,0,9
4975,4975,0,10
4976,4976,0,11
4977,4977,0,10
4978,4978,0,10
4979,4979,0,12
4980,4980,0,29
4981,4981,0,25
4982,4982,0,12
4983,4983,0,19
4984,4984,0,18
4985,4985,0,2
4986,4986,0,6
4987,4987,0,11
4988,4988,0,15
4989,4989,0,14
4990,4990,0,16
4991,4991,0,8
4992,4992,0,7
4993,4993,0,8
4994,4994,0,12
4995,4995,0,11
4996,4996,0,5
4997,4997,0,3
4998,4998,0,16
4999,4999,0,6
5000,5000,0,18
5001,5001,0,9
5002,5002,0,15
5003,5003,0,10
5004,5004,0,6
5005,5005,0,9
5006,5006,0,7
5007,5007,0,12
5008,5008,0,4
5009,5009,0,4
5010,5010,0,17
5011,5011,0,8
5012,5012,0,5
5013,5013,0,9
5014,5014,0,-2
5015,5015,0,11
5016,5016,0,9
5017,5017,0,1
5018,5018,0,8
5019,5019,0,11
5020,5020,0,12
5021,5021,0,12
5022,5022,0,13
5023,5023,0,4
5024,5024,0,16
5025,5025,0,6
5026,5026,0,10
5027,5027,0,14
5028,5028,0,17
5029,5029,0,11
5030,5030,0,9
5031,5031,0,25
5032,5032,0,4
5033,5033,0,8
5034,5034,0,14
5035,5035,0,11
5036,5036,0,17
5037,5037,0,19
5038,5038,0,11
5039,5039,0,13
5040,5040,0,26
5041,5041,0,17
5042,5042,0,5
5043,5043,0,14
5044,5044,0,10
5045,5045,0,16
5046,5046,0,11
5047,5047,0,16
5048,5048,0,10
5049,5049,0,26
5050,5050,0,15
5051,5051,0,13
5052,5052,0,14
5053,5053,0,17
5054,5054,0,10
5055,5055,0,10
5056,5056,0,12
5057,5057,0,19
5058,5058,0,22
5059,5059,0,23
5060,5060,0,17
5061,5061,0,22
5062,5062,0,18
5063,5063,0,15
5064,5064,0,26
5065,5065,0,18
5066,5066,0,14
5067,5067,0,10
5068,5068,0,20
5069,5069,0,11
5070,5070,0,10
5071,5071,0,9
5072,5072,0,1
5073,5073,0,4
5074,5074,0,7
5075,5075,0,17
5076,5076,0,15
5077,5077,0,19
5078,5078,0,24
5079,5079,0,10
5080,5080,0,17
5081,5081,0,10
5082,5082,0,12
5083,5083,0,17
5084,5084,0,18
5085,5085,0,4
5086,5086,0,2
5087,5087,0,8
5088,5088,0,4
5089,5089,0,15
5090,5090,0,16
5091,5091,0,4
5092,5092,0,9
5093,5093,0,2
5094,5094,0,11
5095,5095,0,2
5096,5096,0,1
5097,5097,0,7
5098,5098,0,12
5099,5099,0,6
5100,5100,0,5
5101,5101,0,9
5102,5102,0,11
5103,5103,0,4
5104,5104,0,6
5105,5105,0,17
5106,5106,0,14
5107,5107,0,3
5108,5108,0,11
5109,5109,0,15
5110,5110,0,10
5111,5111,0,21
5112,5112,0,14
5113,5113,0,16
5114,5114,0,19
5115,5115,0,19
5116,5116,0,7
5117,5117,0,18
5118,5118,0,19
5119,5119,0,9
5120,5120,0,13
5121,5121,0,15
5122,5122,0,17
5123,5123,0,19
5124,5124,0,20
5125,5125,0,10
5126,5126,0,17
5127,5127,0,6
5128,5128,0,18
5129,5129,0,11
5130,5130,0,25
5131,5131,0,22
5132,5132,0,18
5133,5133,0,13
5134,5134,0,15
5135,5135,0,20
5136,5136,0,18
5137,5137,0,15
5138,5138,0,18
5139,5139,0,15
5140,5140,0,10
5141,5141,0,6
5142,5142,0,12
5143,5143,0,15
5144,5144,0,22
5145,5145,0,19
5146,5146,0,12
5147,5147,0,7
5148,5148,0,17
5149,5149,0,17
5150,5150,0,17
5151,5151,0,6
5152,5152,0,8
5153,5153,0,11
5154,5154,0,6
5155,5155,0,7
5156,5156,0,8
5157,5157,0,6
5158,5158,0,3
5159,5159,0,11
5160,5160,0,21
5161,5161,0,19
5162,5162,0,19
5163,5163,0,18
5164,5164,0,7
5165,5165,0,8
5166,5166,0,13
5167,5167,0,21
5168,5168,0,13
5169,5169,0,26
5170,5170,0,17
5171,5171,0,9
5172,5172,0,4
5173,5173,0,6
5174,5174,0,6
5175,5175,0,9
5176,5176,0,-2
5177,5177,0,5
5178,5178,0,2
5179,5179,0,15
5180,5180,0,18
5181,5181,0,9
5182,5182,0,5
5183,5183,0,8
5184,5184,0,10
5185,5185,0,4
5186,5186,0,2
5187,5187,0,15
5188,5188,0,11
5189,5189,0,13
5190,5190,0,5
5191,5191,0,12
5192,5192,0,7
5193,5193,0,4
5194,5194,0,14
5195,5195,0,22
5196,5196,0,23
5197,5197,0,26
5198,5198,0,19
5199,5199,0,18
5200,5200,0,15
5201,5201,0,18
5202,5202,0,23
5203,5203,0,14
5204,5204,0,22
5205,5205,0,17
5206,5206,0,24
5207,5207,0,15
5208,5208,0,10
5209,5209,0,19
5210,5210,0,11
5211,5211,0,20
5212,5212,0,15
5213,5213,0,15
5214,5214,0,15
5215,5215,0,17
5216,5216,0,18
5217,5217,0,15
5218,5218,0,29
5219,5219,0,18
5220,5220,0,12
5221,5221,0,20
5222,5222,0,23
5223,5223,0,18
5224,5224,0,11
5225,5225,0,20
5226,5226,0,14
5227,5227,0,17
5228,5228,0,14
5229,5229,0,11
5230,5230,0,12
5231,5231,0,13
5232,5232,0,13
5233,5233,0,10
5234,5234,0,5
5235,5235,0,4
5236,5236,0,22
5237,5237,0,16
5238,5238,0,6
5239,5239,0,14
5240,5240,0,13
5241,5241,0,10
5242,5242,0,1
5243,5243,0,18
5244,5244,0,10
5245,5245,0,7
5246,5246,0,15
5247,5247,0,3
5248,5248,0,7
5249,5249,0,15
5250,5250,0,10
5251,5251,0,6
5252,5252,0,5
5253,5253,0,22
5254,5254,0,15
5255,5255,0,8
5256,5256,0,5
5257,5257,0,16
5258,5258,0,4
5259,5259,0,6
5260,5260,0,7
5261,5261,0,13
5262,5262,0,13
5263,5263,0,18
5264,5264,0,13
5265,5265,0,11
5266,5266,0,14
5267,5267,0,9
5268,5268,0,2
5269,5269,0,12
5270,5270,0,11
5271,5271,0,17
5272,5272,0,10
5273,5273,0,10
5274,5274,0,17
5275,5275,0,19
5276,5276,0,13
5277,5277,0,12
5278,5278,0,21
5279,5279,0,23
5280,5280,0,23
5281,5281,0,12
5282,5282,0,24
5283,5283,0,16
5284,5284,0,18
5285,5285,0,15
5286,5286,0,25
5287,5287,0,20
5288,5288,0,19
5289,5289,0,14
5290,5290,0,13
5291,5291,0,16
5292,5292,0,10
5293,5293,0,24
5294,5294,0,13
5295,5295,0,15
5296,5296,0,19
5297,5297,0,15
5298,5298,0,26
5299,5299,0,23
5300,5300,0,25
5301,5301,0,18
5302,5302,0,25
5303,5303,0,8
5304,5304,0,9
5305,5305,0,14
5306,5306,0,16
5307,5307,0,10
5308,5308,0,15
5309,5309,0,12
5310,5310,0,4
5311,5311,0,16
5312,5312,0,14
5313,5313,0,13
5314,5314,0,12
5315,5315,0,13
5316,5316,0,5
5317,5317,0,14
5318,5318,0,4
5319,5319,0,-7
5320,5320,0,0
5321,5321,0,-1
5322,5322,0,2
5323,5323,0,5
5324,5324,0,11
5325,5325,0,1
5326,5326,0,6
5327,5327,0,11
5328,5328,0,7
5329,5329,0,20
5330,5330,0,16
5331,5331,0,9
5332,5332,0,5
5333,5333,0,2
5334,5334,0,11
5335,5335,0,0
5336,5336,0,3
5337,5337,0,2
5338,5338,0,5
5339,5339,0,14
5340,5340,0,6
5341,5341,0,10
5342,5342,0,2
5343,5343,0,2
5344,5344,0,5
5345,5345,0,5
5346,5346,0,11
5347,5347,0,9
5348,5348,0,3
5349,5349,0,9
5350,5350,0,12
5351,5351,0,8
5352,5352,0,8
5353,5353,0,19
5354,5354,0,7
5355,5355,0,12
5356,5356,0,15
5357,5357,0,15
5358,5358,0,13
5359,5359,0,17
5360,5360,0,18
5361,5361,0,11
5362,5362,0,17
5363,5363,0,4
5364,5364,0,13
5365,5365,0,16
5366,5366,0,16
5367,5367,0,20
5368,5368,0,22
5369,5369,0,29
5370,5370,0,21
5371,5371,0,22
5372,5372,0,20
5373,5373,0,18
5374,5374,0,18
5375,5375,0,13
5376,5376,0,21
5377,5377,0,15
5378,5378,0,11
5379,5379,0,9
5380,5380,0,11
5381,5381,0,15
5382,5382,0,8
5383,5383,0,15
5384,5384,0,19
5385,5385,0,7
5386,5386,0,16
5387,5387,0,19
5388,5388,0,30
5389,5389,0,13
5390,5390,0,11
5391,5391,0,7
5392,5392,0,7
5393,5393,0,7
5394,5394,0,3
5395,5395,0,13
5396,5396,0,13
5397,5397,0,10
5398,5398,0,16
5399,5399,0,18
5400,5400,0,11
5401,5401,0,17
5402,5402,0,18
5403,5403,0,-1
5404,5404,0,11
5405,5405,0,12
5406,5406,0,10
5407,5407,0,18
5408,5408,0,5
5409,5409,0,13
5410,5410,0,9
5411,5411,0,18
5412,5412,0,5
5413,5413,0,16
5414,5414,0,6
5415,5415,0,6
5416,5416,0,8
5417,5417,0,7
5418,5418,0,6
5419,5419,0,5
5420,5420,0,18
5421,5421,0,11
5422,5422,0,4
5423,5423,0,5
5424,5424,0,-1
5425,5425,0,3
5426,5426,0,4
5427,5427,0,14
5428,5428,0,11
5429,5429,0,16
5430,5430,0,17
5431,5431,0,14
5432,5432,0,7
5433,5433,0,17
5434,5434,0,18
5435,5435,0,13
5436,5436,0,15
5437,5437,0,11
5438,5438,0,7
5439,5439,0,9
5440,5440,0,24
5441,5441,0,18
5442,5442,0,21
5443,5443,0,8
5444,5444,0,19
5445,5445,0,15
5446,5446,0,8
5447,5447,0,5
5448,5448,0,16
5449,5449,0,14
5450,5450,0,18
5451,5451,0,18
5452,5452,0,24
5453,5453,0,28
5454,5454,0,13
5455,5455,0,9
5456,5456,0,23
5457,5457,0,12
5458,5458,0,11
5459,5459,0,11
5460,5460,0,14
5461,5461,0,18
5462,5462,0,8
5463,5463,0,11
5464,5464,0,15
5465,5465,0,15
5466,5466,0,18
5467,5467,0,16
5468,5468,0,14
5469,5469,0,8
5470,5470,0,15
5471,5471,0,13
5472,5472,0,18
5473,5473,0,13
5474,5474,0,8
5475,5475,0,16
5476,5476,0,9
5477,5477,0,10
5478,5478,0,11
5479,5479,0,9
5480,5480,0,22
5481,5481,0,9
5482,5482,0,9
5483,5483,0,21
5484,5484,0,16
5485,5485,0,15
5486,5486,0,13
5487,5487,0,19
5488,5488,0,-7
5489,5489,0,7
5490,5490,0,6
5491,5491,0,9
5492,5492,0,18
5493,5493,0,-4
5494,5494,0,14
5495,5495,0,6
5496,5496,0,5
5497,5497,0,7
5498,5498,0,15
5499,5499,0,9
5500,5500,0,1
5501,5501,0,6
5502,5502,0,10
5503,5503,0,8
5504,5504,0,7
5505,5505,0,6
5506,5506,0,13
5507,5507,0,4
5508,5508,0,12
5509,5509,0,11
5510,5510,0,14
5511,5511,0,2
5512,5512,0,17
5513,5513,0,18
5514,5514,0,19
5515,5515,0,12
5516,5516,0,11
5517,5517,0,6
5518,5518,0,11
5519,5519,0,18
5520,5520,0,14
5521,5521,0,16
5522,5522,0,18
5523,5523,0,18
5524,5524,0,16
5525,5525,0,15
5526,5526,0,18
5527,5527,0,9
5528,5528,0,21
5529,5529,0,12
5530,5530,0,14
5531,5531,0,21
5532,5532,0,18
5533,5533,0,15
5534,5534,0,7
5535,5535,0,16
5536,5536,0,18
5537,5537,0,15
5538,5538,0,17
5539,5539,0,14
5540,5540,0,17
5541,5541,0,16
5542,5542,0,11
5543,5543,0,9
5544,5544,0,12
5545,5545,0,12
5546,5546,0,18
5547,5547,0,21
5548,5548,0,25
5549,5549,0,20
5550,5550,0,12
5551,5551,0,12
5552,5552,0,7
5553,5553,0,14
5554,5554,0,16
5555,5555,0,12
5556,5556,0,15
5557,5557,0,6
5558,5558,0,4
5559,5559,0,8
5560,5560,0,-1
5561,5561,0,3
5562,5562,0,6
5563,5563,0,3
5564,5564,0,7
5565,5565,0,10
5566,5566,0,12
5567,5567,0,13
5568,5568,0,5
5569,5569,0,7
5570,5570,0,5
5571,5571,0,24
5572,5572,0,16
5573,5573,0,10
5574,5574,0,13
5575,5575,0,2
5576,5576,0,6
5577,5577,0,9
5578,5578,0,-5
5579,5579,0,12
5580,5580,0,20
5581,5581,0,13
5582,5582,0,16
5583,5583,0,15
5584,5584,0,11
5585,5585,0,18
5586,5586,0,23
5587,5587,0,25
5588,5588,0,20
5589,5589,0,14
5590,5590,0,25
5591,5591,0,20
5592,5592,0,7
5593,5593,0,23
5594,5594,0,4
5595,5595,0,11
5596,5596,0,10
5597,5597,0,9
5598,5598,0,6
5599,5599,0,17
5600,5600,0,8
5601,5601,0,9
5602,5602,0,14
5603,5603,0,17
5604,5604,0,16
5605,5605,0,17
5606,5606,0,14
5607,5607,0,13
5608,5608,0,33
5609,5609,0,10
5610,5610,0,14
5611,5611,0,9
5612,5612,0,22
5613,5613,0,11
5614,5614,0,18
5615,5615,0,19
5616,5616,0,11
5617,5617,0,11
5618,5618,0,17
5619,5619,0,20
5620,5620,0,22
5621,5621,0,14
5622,5622,0,12
5623,5623,0,9
5624,5624,0,15
5625,5625,0,11
5626,5626,0,8
5627,5627,0,15
5628,5628,0,19
5629,5629,0,22
5630,5630,0,29
5631,5631,0,26
5632,5632,0,10
5633,5633,0,9
5634,5634,0,2
5635,5635,0,20
5636,5636,0,18
5637,5637,0,4
5638,5638,0,5
5639,5639,0,14
5640,5640,0,7
5641,5641,0,10
5642,5642,0,8
5643,5643,0,16
5644,5644,0,14
5645,5645,0,11
5646,5646,0,12
5647,5647,0,5
5648,5648,0,6
5649,5649,0,-2
5650,5650,0,5
5651,5651,0,4
5652,5652,0,7
5653,5653,0,9
5654,5654,0,21
5655,5655,0,5
5656,5656,0,9
5657,5657,0,15
5658,5658,0,21
5659,5659,0,8
5660,5660,0,-1
5661,5661,0,4
5662,5662,0,12
5663,5663,0,11
5664,5664,0,7
5665,5665,0,14
5666,5666,0,13
5667,5667,0,4
5668,5668,0,18
5669,5669,0,13
5670,5670,0,4
5671,5671,0,1
5672,5672,0,7
5673,5673,0,10
5674,5674,0,6
5675,5675,0,15
5676,5676,0,21
5677,5677,0,14
5678,5678,0,9
5679,5679,0,16
5680,5680,0,10
5681,5681,0,13
5682,5682,0,19
5683,5683,0,8
5684,5684,0,7
5685,5685,0,17
5686,5686,0,19
5687,5687,0,11
5688,5688,0,14
5689,5689,0,16
5690,5690,0,13
5691,5691,0,10
5692,5692,0,0
5693,5693,0,15
5694,5694,0,3
5695,5695,0,17
5696,5696,0,10
5697,5697,0,10
5698,5698,0,18
5699,5699,0,17
5700,5700,0,6
5701,5701,0,12
5702,5702,0,12
5703,5703,0,12
5704,5704,0,3
5705,5705,0,14
5706,5706,0,12
5707,5707,0,11
5708,5708,0,6
5709,5709,0,19
5710,5710,0,15
5711,5711,0,8
5712,5712,0,9
5713,5713,0,13
5714,5714,0,11
5715,5715,0,17
5716,5716,0,12
5717,5717,0,15
5718,5718,0,19
5719,5719,0,3
5720,5720,0,13
5721,5721,0,17
5722,5722,0,23
5723,5723,0,12
5724,5724,0,5
5725,5725,0,12
5726,5726,0,9
5727,5727,0,4
5728,5728,0,19
5729,5729,0,10
5730,5730,0,17
5731,5731,0,6
5732,5732,0,24
5733,5733,0,6
5734,5734,0,6
5735,5735,0,23
5736,5736,0,3
5737,5737,0,12
5738,5738,0,7
5739,5739,0,8
5740,5740,0,7
5741,5741,0,3
5742,5742,0,16
5743,5743,0,9
5744,5744,0,9
5745,5745,0,5
5746,5746,0,1
5747,5747,0,8
5748,5748,0,0
5749,5749,0,9
5750,5750,0,17
5751,5751,0,17
5752,5752,0,4
5753,5753,0,9
5754,5754,0,13
5755,5755,0,6
5756,5756,0,11
5757,5757,0,9
5758,5758,0,10
5759,5759,0,2
5760,5760,0,16
5761,5761,0,1
5762,5762,0,19
5763,5763,0,14
5764,5764,0,12
5765,5765,0,17
5766,5766,0,16
5767,5767,0,8
5768,5768,0,14
5769,5769,0,17
5770,5770,0,11
5771,5771,0,21
5772,5772,0,17
5773,5773,0,14
5774,5774,0,15
5775,5775,0,13
5776,5776,0,17
5777,5777,0,4
5778,5778,0,4
5779,5779,0,2
5780,5780,0,14
5781,5781,0,12
5782,5782,0,13
5783,5783,0,17
5784,5784,0,14
5785,5785,0,9
5786,5786,0,12
5787,5787,0,7
5788,5788,0,18
5789,5789,0,4
5790,5790,0,6
5791,5791,0,1
5792,5792,0,5
5793,5793,0,4
5794,5794,0,5
5795,5795,0,6
5796,5796,0,11
5797,5797,0,15
5798,5798,0,14
5799,5799,0,13
5800,5800,0,11
5801,5801,0,9
5802,5802,0,15
5803,5803,0,15
5804,5804,0,8
5805,5805,0,2
5806,5806,0,13
5807,5807,0,9
5808,5808,0,10
5809,5809,0,10
5810,5810,0,5
5811,5811,0,11
5812,5812,0,4
5813,5813,0,10
5814,5814,0,-2
5815,5815,0,3
5816,5816,0,10
5817,5817,0,3
5818,5818,0,-2
5819,5819,0,8
5820,5820,0,-3
5821,5821,0,3
5822,5822,0,5
5823,5823,0,10
5824,5824,0,19
5825,5825,0,17
5826,5826,0,8
5827,5827,0,11
5828,5828,0,16
5829,5829,0,22
5830,5830,0,21
5831,5831,0,16
5832,5832,0,13
5833,5833,0,14
5834,5834,0,17
5835,5835,0,22
5836,5836,0,9
5837,5837,0,18
5838,5838,0,4
5839,5839,0,7
5840,5840,0,16
5841,5841,0,31
5842,5842,0,15
5843,5843,0,7
5844,5844,0,12
5845,5845,0,17
5846,5846,0,14
5847,5847,0,13
5848,5848,0,13
5849,5849,0,11
5850,5850,0,12
5851,5851,0,5
5852,5852,0,9
5853,5853,0,15
5854,5854,0,10
5855,5855,0,19
5856,5856,0,11
5857,5857,0,2
5858,5858,0,19
5859,5859,0,9
5860,5860,0,11
5861,5861,0,17
5862,5862,0,11
5863,5863,0,13
5864,5864,0,11
5865,5865,0,16
5866,5866,0,13
5867,5867,0,12
5868,5868,0,15
5869,5869,0,12
5870,5870,0,10
5871,5871,0,26
5872,5872,0,9
5873,5873,0,23
5874,5874,0,14
5875,5875,0,10
5876,5876,0,18
5877,5877,0,13
5878,5878,0,21
5879,5879,0,10
5880,5880,0,15
5881,5881,0,7
5882,5882,0,21
5883,5883,0,12
5884,5884,0,15
5885,5885,0,6
5886,5886,0,5
5887,5887,0,1
5888,5888,0,6
5889,5889,0,7
5890,5890,0,2
5891,5891,0,1
5892,5892,0,2
5893,5893,0,4
5894,5894,0,5
5895,5895,0,1
5896,5896,0,1
5897,5897,0,2
5898,5898,0,-4
5899,5899,0,12
5900,5900,0,11
5901,5901,0,7
5902,5902,0,2
5903,5903,0,22
5904,5904,0,20
5905,5905,0,19
5906,5906,0,4
5907,5907,0,7
5908,5908,0,10
5909,5909,0,6
5910,5910,0,-1
5911,5911,0,2
5912,5912,0,10
5913,5913,0,18
5914,5914,0,14
5915,5915,0,24
5916,5916,0,16
5917,5917,0,15
5918,5918,0,14
5919,5919,0,11
5920,5920,0,16
5921,5921,0,16
5922,5922,0,10
5923,5923,0,13
5924,5924,0,11
5925,5925,0,14
5926,5926,0,11
5927,5927,0,18
5928,5928,0,26
5929,5929,0,15
5930,5930,0,12
5931,5931,0,15
5932,5932,0,17
5933,5933,0,15
5934,5934,0,12
5935,5935,0,22
5936,5936,0,15
5937,5937,0,20
5938,5938,0,13
5939,5939,0,17
5940,5940,0,8
5941,5941,0,14
5942,5942,0,10
5943,5943,0,21
5944,5944,0,14
5945,5945,0,11
5946,5946,0,6
5947,5947,0,14
5948,5948,0,8
5949,5949,0,8
5950,5950,0,20
5951,5951,0,17
5952,5952,0,11
5953,5953,0,15
5954,5954,0,17
5955,5955,0,18
5956,5956,0,18
5957,5957,0,2
5958,5958,0,16
5959,5959,0,4
5960,5960,0,0
5961,5961,0,5
5962,5962,0,4
5963,5963,0,8
5964,5964,0,13
5965,5965,0,5
5966,5966,0,13
5967,5967,0,5
5968,5968,0,11
5969,5969,0,3
5970,5970,0,13
5971,5971,0,19
5972,5972,0,12
5973,5973,0,13
5974,5974,0,24
5975,5975,0,16
5976,5976,0,16
5977,5977,0,6
5978,5978,0,6
5979,5979,0,6
5980,5980,0,6
5981,5981,0,6
5982,5982,0,12
5983,5983,0,8
5984,5984,0,2
5985,5985,0,10
5986,5986,0,10
5987,5987,0,13
5988,5988,0,8
5989,5989,0,12
5990,5990,0,5
5991,5991,0,4
5992,5992,0,0
5993,5993,0,7
5994,5994,0,5
5995,5995,0,14
5996,5996,0,18
5997,5997,0,27
5998,5998,0,18
5999,5999,0,17
6000,6000,0,11
6001,6001,0,10
6002,6002,0,13
6003,6003,0,21
6004,6004,0,22
6005,6005,0,12
6006,6006,0,8
6007,6007,0,14
6008,6008,0,14
6009,6009,0,8
6010,6010,0,16
6011,6011,0,6
6012,6012,0,13
6013,6013,0,18
6014,6014,0,20
6015,6015,0,13
6016,6016,0,11
6017,6017,0,11
6018,6018,0,17
6019,6019,0,5
6020,6020,0,13
6021,6021,0,31
6022,6022,0,21
6023,6023,0,17
6024,6024,0,12
6025,6025,0,11
6026,6026,0,13
6027,6027,0,17
6028,6028,0,17
6029,6029,0,20
6030,6030,0,12
6031,6031,0,2
6032,6032,0,9
6033,6033,0,11
6034,6034,0,21
6035,6035,0,16
6036,6036,0,13
6037,6037,0,10
6038,6038,0,15
6039,6039,0,8
6040,6040,0,14
6041,6041,0,13
6042,6042,0,7
6043,6043,0,13
6044,6044,0,9
6045,6045,0,17
6046,6046,0,13
6047,6047,0,11
6048,6048,0,12
6049,6049,0,7
6050,6050,0,11
6051,6051,0,10
6052,6052,0,4
6053,6053,0,9
6054,6054,0,10
6055,6055,0,22
6056,6056,0,26
6057,6057,0,18
6058,6058,0,5
6059,6059,0,-1
6060,6060,0,6
6061,6061,0,15
6062,6062,0,17
6063,6063,0,11
6064,6064,0,15
6065,6065,0,13
6066,6066,0,15
6067,6067,0,10
6068,6068,0,12
6069,6069,0,5
6070,6070,0,12
6071,6071,0,18
6072,6072,0,9
6073,6073,0,21
6074,6074,0,8
6075,6075,0,16
6076,6076,0,9
6077,6077,0,16
6078,6078,0,8
6079,6079,0,10
6080,6080,0,7
6081,6081,0,20
6082,6082,0,17
6083,6083,0,14
6084,6084,0,14
6085,6085,0,14
6086,6086,0,24
6087,6087,0,23
6088,6088,0,14
6089,6089,0,12
6090,6090,0,10
6091,6091,0,20
6092,6092,0,20
6093,6093,0,19
6094,6094,0,14
6095,6095,0,15
6096,6096,0,22
6097,6097,0,17
6098,6098,0,13
6099,6099,0,6
6100,6100,0,17
6101,6101,0,12
6102,6102,0,11
6103,6103,0,14
6104,6104,0,13
6105,6105,0,14
6106,6106,0,6
6107,6107,0,12
6108,6108,0,17
6109,6109,0,18
6110,6110,0,14
6111,6111,0,14
6112,6112,0,16
6113,6113,0,13
6114,6114,0,15
6115,6115,0,23
6116,6116,0,7
6117,6117,0,11
6118,6118,0,14
6119,6119,0,7
6120,6120,0,8
6121,6121,0,5
6122,6122,0,5
6123,6123,0,11
6124,6124,0,9
6125,6125,0,14
6126,6126,0,10
6127,6127,0,18
6128,6128,0,12
6129,6129,0,14
6130,6130,0,13
6131,6131,0,9
6132,6132,0,12
6133,6133,0,5
6134,6134,0,13
6135,6135,0,9
6136,6136,0,11
6137,6137,0,13
6138,6138,0,22
6139,6139,0,12
6140,6140,0,1
6141,6141,0,9
6142,6142,0,13
6143,6143,0,11
6144,6144,0,17
6145,6145,0,19
6146,6146,0,14
6147,6147,0,19
6148,6148,0,5
6149,6149,0,3
6150,6150,0,2
6151,6151,0,15
6152,6152,0,6
6153,6153,0,4
6154,6154,0,11
6155,6155,0,12
6156,6156,0,11
6157,6157,0,11
6158,6158,0,34
6159,6159,0,21
6160,6160,0,13
6161,6161,0,9
6162,6162,0,12
6163,6163,0,13
6164,6164,0,11
6165,6165,0,15
6166,6166,0,11
6167,6167,0,23
6168,6168,0,31
6169,6169,0,20
6170,6170,0,22
6171,6171,0,26
6172,6172,0,24
6173,6173,0,39
6174,6174,0,32
6175,6175,0,23
6176,6176,0,22
6177,6177,0,12
6178,6178,0,22
6179,6179,0,21
6180,6180,0,19
6181,6181,0,10
6182,6182,0,10
6183,6183,0,13
6184,6184,0,8
6185,6185,0,9
6186,6186,0,8
6187,6187,0,3
6188,6188,0,7
6189,6189,0,9
6190,6190,0,9
6191,6191,0,20
6192,6192,0,15
6193,6193,0,9
6194,6194,0,2
6195,6195,0,1
6196,6196,0,-1
6197,6197,0,9
6198,6198,0,15
6199,6199,0,7
6200,6200,0,18
6201,6201,0,9
6202,6202,0,4
6203,6203,0,7
6204,6204,0,25
6205,6205,0,5
6206,6206,0,11
6207,6207,0,17
6208,6208,0,13
6209,6209,0,19
6210,6210,0,15
6211,6211,0,14
6212,6212,0,8
6213,6213,0,1
6214,6214,0,11
6215,6215,0,4
6216,6216,0,4
6217,6217,0,22
6218,6218,0,1
6219,6219,0,16
6220,6220,0,16
6221,6221,0,10
6222,6222,0,10
6223,6223,0,16
6224,6224,0,18
6225,6225,0,17
6226,6226,0,8
6227,6227,0,9
6228,6228,0,11
6229,6229,0,2
6230,6230,0,15
6231,6231,0,27
6232,6232,0,18
6233,6233,0,25
6234,6234,0,11
6235,6235,0,20
6236,6236,0,9
6237,6237,0,11
6238,6238,0,1
6239,6239,0,11
6240,6240,0,20
6241,6241,0,12
6242,6242,0,19
6243,6243,0,17
6244,6244,0,15
6245,6245,0,22
6246,6246,0,16
6247,6247,0,13
6248,6248,0,17
6249,6249,0,18
6250,6250,0,17
6251,6251,0,19
6252,6252,0,5
6253,6253,0,6
6254,6254,0,22
6255,6255,0,14
6256,6256,0,8
6257,6257,0,14
6258,6258,0,10
6259,6259,0,1
6260,6260,0,17
6261,6261,0,17
6262,6262,0,17
6263,6263,0,12
6264,6264,0,11
6265,6265,0,18
6266,6266,0,14
6267,6267,0,12
6268,6268,0,16
6269,6269,0,13
6270,6270,0,3
6271,6271,0,-4
6272,6272,0,10
6273,6273,0,24
6274,6274,0,11
6275,6275,0,4
6276,6276,0,7
6277,6277,0,18
6278,6278,0,2
6279,6279,0,-2
6280,6280,0,15
6281,6281,0,9
6282,6282,0,2
6283,6283,0,15
6284,6284,0,1
6285,6285,0,17
6286,6286,0,8
6287,6287,0,17
6288,6288,0,8
6289,6289,0,8
6290,6290,0,12
6291,6291,0,11
6292,6292,0,14
6293,6293,0,8
6294,6294,0,9
6295,6295,0,16
6296,6296,0,3
6297,6297,0,1
6298,6298,0,11
6299,6299,0,6
6300,6300,0,14
6301,6301,0,11
6302,6302,0,9
6303,6303,0,14
6304,6304,0,1
6305,6305,0,6
6306,6306,0,3
6307,6307,0,9
6308,6308,0,8
6309,6309,0,15
6310,6310,0,18
6311,6311,0,22
6312,6312,0,18
6313,6313,0,15
6314,6314,0,16
6315,6315,0,7
6316,6316,0,8
6317,6317,0,13
6318,6318,0,1
6319,6319,0,9
6320,6320,0,20
6321,6321,0,12
6322,6322,0,23
6323,6323,0,6
6324,6324,0,11
6325,6325,0,13
6326,6326,0,17
6327,6327,0,16
6328,6328,0,10
6329,6329,0,14
6330,6330,0,15
6331,6331,0,15
6332,6332,0,15
6333,6333,0,11
6334,6334,0,14
6335,6335,0,24
6336,6336,0,15
6337,6337,0,16
6338,6338,0,22
6339,6339,0,13
6340,6340,0,13
6341,6341,0,9
6342,6342,0,17
6343,6343,0,18
6344,6344,0,9
6345,6345,0,6
6346,6346,0,15
6347,6347,0,6
6348,6348,0,5
6349,6349,0,2
6350,6350,0,20
6351,6351,0,13
6352,6352,0,10
6353,6353,0,17
6354,6354,0,18
6355,6355,0,22
6356,6356,0,12
6357,6357,0,3
6358,6358,0,11
6359,6359,0,5
6360,6360,0,12
6361,6361,0,24
6362,6362,0,12
6363,6363,0,12
6364,6364,0,-7
6365,6365,0,-5
6366,6366,0,4
6367,6367,0,6
6368,6368,0,11
6369,6369,0,9
6370,6370,0,3
6371,6371,0,13
6372,6372,0,14
6373,6373,0,6
6374,6374,0,3
6375,6375,0,3
6376,6376,0,6
6377,6377,0,2
6378,6378,0,2
6379,6379,0,2
6380,6380,0,4
6381,6381,0,7
6382,6382,0,9
6383,6383,0,8
6384,6384,0,4
6385,6385,0,18
6386,6386,0,20
6387,6387,0,8
6388,6388,0,13
6389,6389,0,13
6390,6390,0,15
6391,6391,0,7
6392,6392,0,-3
6393,6393,0,18
6394,6394,0,13
6395,6395,0,20
6396,6396,0,12
6397,6397,0,8
6398,6398,0,9
6399,6399,0,16
6400,6400,0,14
6401,6401,0,12
6402,6402,0,15
6403,6403,0,9
6404,6404,0,18
6405,6405,0,17
6406,6406,0,10
6407,6407,0,13
6408,6408,0,9
6409,6409,0,17
6410,6410,0,9
6411,6411,0,11
6412,6412,0,11
6413,6413,0,9
6414,6414,0,10
6415,6415,0,11
6416,6416,0,9
6417,6417,0,4
6418,6418,0,4
6419,6419,0,6
6420,6420,0,16
6421,6421,0,14
6422,6422,0,7
6423,6423,0,8
6424,6424,0,15
6425,6425,0,6
6426,6426,0,2
6427,6427,0,7
6428,6428,0,7
6429,6429,0,15
6430,6430,0,23
6431,6431,0,21
6432,6432,0,19
6433,6433,0,17
6434,6434,0,19
6435,6435,0,19
6436,6436,0,5
6437,6437,0,6
6438,6438,0,13
6439,6439,0,13
6440,6440,0,12
6441,6441,0,3
6442,6442,0,11
6443,6443,0,9
6444,6444,0,12
6445,6445,0,10
6446,6446,0,14
6447,6447,0,6
6448,6448,0,6
6449,6449,0,6
6450,6450,0,15
6451,6451,0,4
6452,6452,0,-7
6453,6453,0,15
6454,6454,0,13
6455,6455,0,12
6456,6456,0,4
6457,6457,0,13
6458,6458,0,28
6459,6459,0,13
6460,6460,0,14
6461,6461,0,25
6462,6462,0,11
6463,6463,0,11
6464,6464,0,10
6465,6465,0,7
6466,6466,0,8
6467,6467,0,11
6468,6468,0,6
6469,6469,0,17
6470,6470,0,11
6471,6471,0,13
6472,6472,0,13
6473,6473,0,24
6474,6474,0,6
6475,6475,0,-2
6476,6476,0,11
6477,6477,0,13
6478,6478,0,14
6479,6479,0,2
6480,6480,0,11
6481,6481,0,8
6482,6482,0,16
6483,6483,0,12
6484,6484,0,20
6485,6485,0,9
6486,6486,0,17
6487,6487,0,11
6488,6488,0,6
6489,6489,0,11
6490,6490,0,16
6491,6491,0,26
6492,6492,0,22
6493,6493,0,12
6494,6494,0,20
6495,6495,0,17
6496,6496,0,14
6497,6497,0,18
6498,6498,0,17
6499,6499,0,18
6500,6500,0,23
6501,6501,0,13
6502,6502,0,15
6503,6503,0,18
6504,6504,0,15
6505,6505,0,21
6506,6506,0,9
6507,6507,0,20
6508,6508,0,14
6509,6509,0,8
6510,6510,0,17
6511,6511,0,12
6512,6512,0,10
6513,6513,0,14
6514,6514,0,5
6515,6515,0,2
6516,6516,0,8
6517,6517,0,8
6518,6518,0,10
6519,6519,0,12
6520,6520,0,5
6521,6521,0,13
6522,6522,0,17
6523,6523,0,12
6524,6524,0,8
6525,6525,0,9
6526,6526,0,14
6527,6527,0,22
6528,6528,0,8
6529,6529,0,12
6530,6530,0,10
6531,6531,0,7
6532,6532,0,5
6533,6533,0,7
6534,6534,0,4
6535,6535,0,10
6536,6536,0,13
6537,6537,0,7
6538,6538,0,12
6539,6539,0,12
6540,6540,0,9
6541,6541,0,15
6542,6542,0,10
6543,6543,0,7
6544,6544,0,6
6545,6545,0,18
6546,6546,0,2
6547,6547,0,12
6548,6548,0,5
6549,6549,0,10
6550,6550,0,13
6551,6551,0,12
6552,6552,0,23
6553,6553,0,18
6554,6554,0,15
6555,6555,0,12
6556,6556,0,12
6557,6557,0,13
6558,6558,0,20
6559,6559,0,14
6560,6560,0,8
6561,6561,0,15
6562,6562,0,11
6563,6563,0,10
6564,6564,0,11
6565,6565,0,14
6566,6566,0,20
6567,6567,0,13
6568,6568,0,17
6569,6569,0,15
6570,6570,0,10
6571,6571,0,13
6572,6572,0,11
6573,6573,0,14
6574,6574,0,20
6575,6575,0,12
6576,6576,0,14
6577,6577,0,13
6578,6578,0,10
6579,6579,0,7
6580,6580,0,7
6581,6581,0,11
6582,6582,0,21
6583,6583,0,19
6584,6584,0,22
6585,6585,0,6
6586,6586,0,16
6587,6587,0,13
6588,6588,0,12
6589,6589,0,12
6590,6590,0,19
6591,6591,0,16
6592,6592,0,10
6593,6593,0,18
6594,6594,0,21
6595,6595,0,4
6596,6596,0,8
6597,6597,0,4
6598,6598,0,5
6599,6599,0,5
6600,6600,0,8
6601,6601,0,-3
6602,6602,0,8
6603,6603,0,5
6604,6604,0,-1
6605,6605,0,11
6606,6606,0,1
6607,6607,0,13
6608,6608,0,2
6609,6609,0,10
6610,6610,0,-3
6611,6611,0,1
6612,6612,0,8
6613,6613,0,7
6614,6614,0,17
6615,6615,0,23
6616,6616,0,23
6617,6617,0,15
6618,6618,0,23
6619,6619,0,20
6620,6620,0,19
6621,6621,0,14
6622,6622,0,19
6623,6623,0,16
6624,6624,0,9
6625,6625,0,18
6626,6626,0,15
6627,6627,0,10
6628,6628,0,13
6629,6629,0,-2
6630,6630,0,10
6631,6631,0,13
6632,6632,0,22
6633,6633,0,21
6634,6634,0,18
6635,6635,0,19
6636,6636,0,20
6637,6637,0,20
6638,6638,0,20
6639,6639,0,8
6640,6640,0,22
6641,6641,0,11
6642,6642,0,14
6643,6643,0,25
6644,6644,0,13
6645,6645,0,17
6646,6646,0,23
6647,6647,0,12
6648,6648,0,13
6649,6649,0,7
6650,6650,0,23
6651,6651,0,14
6652,6652,0,8
6653,6653,0,11
6654,6654,0,24
6655,6655,0,16
6656,6656,0,5
6657,6657,0,9
6658,6658,0,14
6659,6659,0,19
6660,6660,0,17
6661,6661,0,17
6662,6662,0,15
6663,6663,0,10
6664,6664,0,15
6665,6665,0,15
6666,6666,0,16
6667,6667,0,7
6668,6668,0,8
6669,6669,0,8
6670,6670,0,15
6671,6671,0,11
6672,6672,0,12
6673,6673,0,13
6674,6674,0,7
6675,6675,0,18
6676,6676,0,15
6677,6677,0,10
6678,6678,0,13
6679,6679,0,21
6680,6680,0,9
6681,6681,0,5
6682,6682,0,6
6683,6683,0,1
6684,6684,0,1
6685,6685,0,18
6686,6686,0,14
6687,6687,0,17
6688,6688,0,12
6689,6689,0,5
6690,6690,0,14
6691,6691,0,8
6692,6692,0,-2
6693,6693,0,10
6694,6694,0,8
6695,6695,0,9
6696,6696,0,18
6697,6697,0,9
6698,6698,0,7
6699,6699,0,11
6700,6700,0,2
6701,6701,0,5
6702,6702,0,12
6703,6703,0,15
6704,6704,0,10
6705,6705,0,6
6706,6706,0,12
6707,6707,0,11
6708,6708,0,9
6709,6709,0,8
6710,6710,0,8
6711,6711,0,8
6712,6712,0,13
6713,6713,0,19
6714,6714,0,12
6715,6715,0,8
6716,6716,0,4
6717,6717,0,9
6718,6718,0,10
6719,6719,0,6
6720,6720,0,7
6721,6721,0,18
6722,6722,0,10
6723,6723,0,9
6724,6724,0,10
6725,6725,0,10
6726,6726,0,17
6727,6727,0,27
6728,6728,0,26
6729,6729,0,29
6730,6730,0,19
6731,6731,0,16
6732,6732,0,20
6733,6733,0,10
6734,6734,0,18
6735,6735,0,16
6736,6736,0,14
6737,6737,0,17
6738,6738,0,9
6739,6739,0,15
6740,6740,0,18
6741,6741,0,20
6742,6742,0,9
6743,6743,0,7
6744,6744,0,3
6745,6745,0,8
6746,6746,0,17
6747,6747,0,17
6748,6748,0,28
6749,6749,0,14
6750,6750,0,16
6751,6751,0,8
6752,6752,0,6
6753,6753,0,13
6754,6754,0,10
6755,6755,0,10
6756,6756,0,1
6757,6757,0,4
6758,6758,0,2
6759,6759,0,0
6760,6760,0,7
6761,6761,0,27
6762,6762,0,14
6763,6763,0,14
6764,6764,0,2
6765,6765,0,7
6766,6766,0,11
6767,6767,0,-3
6768,6768,0,10
6769,6769,0,13
6770,6770,0,11
6771,6771,0,12
6772,6772,0,14
6773,6773,0,13
6774,6774,0,10
6775,6775,0,15
6776,6776,0,7
6777,6777,0,-1
6778,6778,0,6
6779,6779,0,2
6780,6780,0,1
6781,6781,0,-3
6782,6782,0,3
6783,6783,0,2
6784,6784,0,4
6785,6785,0,12
6786,6786,0,7
6787,6787,0,24
6788,6788,0,10
6789,6789,0,9
6790,6790,0,15
6791,6791,0,18
6792,6792,0,10
6793,6793,0,6
6794,6794,0,7
6795,6795,0,5
6796,6796,0,3
6797,6797,0,22
6798,6798,0,3
6799,6799,0,12
6800,6800,0,19
6801,6801,0,19
6802,6802,0,16
6803,6803,0,8
6804,6804,0,12
6805,6805,0,7
6806,6806,0,10
6807,6807,0,16
6808,6808,0,7
6809,6809,0,26
6810,6810,0,15
6811,6811,0,20
6812,6812,0,15
6813,6813,0,7
6814,6814,0,9
6815,6815,0,7
6816,6816,0,9
6817,6817,0,11
6818,6818,0,2
6819,6819,0,6
6820,6820,0,15
6821,6821,0,8
6822,6822,0,16
6823,6823,0,18
6824,6824,0,3
6825,6825,0,12
6826,6826,0,25
6827,6827,0,18
6828,6828,0,11
6829,6829,0,18
6830,6830,0,8
6831,6831,0,15
6832,6832,0,8
6833,6833,0,13
6834,6834,0,14
6835,6835,0,12
6836,6836,0,13
6837,6837,0,10
6838,6838,0,25
6839,6839,0,9
6840,6840,0,18
6841,6841,0,12
6842,6842,0,6
6843,6843,0,18
6844,6844,0,10
6845,6845,0,7
6846,6846,0,17
6847,6847,0,9
6848,6848,0,15
6849,6849,0,20
6850,6850,0,18
6851,6851,0,14
6852,6852,0,12
6853,6853,0,10
6854,6854,0,7
6855,6855,0,15
6856,6856,0,21
6857,6857,0,14
6858,6858,0,10
6859,6859,0,21
6860,6860,0,6
6861,6861,0,8
6862,6862,0,4
6863,6863,0,20
6864,6864,0,12
6865,6865,0,9
6866,6866,0,25
6867,6867,0,16
6868,6868,0,0
6869,6869,0,0
6870,6870,0,6
6871,6871,0,12
6872,6872,0,9
6873,6873,0,14
6874,6874,0,20
6875,6875,0,14
6876,6876,0,11
6877,6877,0,17
6878,6878,0,19
6879,6879,0,20
6880,6880,0,14
6881,6881,0,20
6882,6882,0,20
6883,6883,0,13
6884,6884,0,18
6885,6885,0,20
6886,6886,0,14
6887,6887,0,14
6888,6888,0,13
6889,6889,0,16
6890,6890,0,27
6891,6891,0,20
6892,6892,0,14
6893,6893,0,22
6894,6894,0,22
6895,6895,0,21
6896,6896,0,13
6897,6897,0,17
6898,6898,0,11
6899,6899,0,11
6900,6900,0,10
6901,6901,0,13
6902,6902,0,18
6903,6903,0,17
6904,6904,0,11
6905,6905,0,20
6906,6906,0,13
6907,6907,0,4
6908,6908,0,7
6909,6909,0,18
6910,6910,0,15
6911,6911,0,15
6912,6912,0,18
6913,6913,0,12
6914,6914,0,5
6915,6915,0,3
6916,6916,0,2
6917,6917,0,0
6918,6918,0,27
6919,6919,0,8
6920,6920,0,19
6921,6921,0,12
6922,6922,0,13
6923,6923,0,13
6924,6924,0,10
6925,6925,0,7
6926,6926,0,14
6927,6927,0,9
6928,6928,0,11
6929,6929,0,5
6930,6930,0,12
6931,6931,0,14
6932,6932,0,9
6933,6933,0,6
6934,6934,0,11
6935,6935,0,16
6936,6936,0,10
6937,6937,0,6
6938,6938,0,19
6939,6939,0,6
6940,6940,0,-7
6941,6941,0,11
6942,6942,0,12
6943,6943,0,16
6944,6944,0,7
6945,6945,0,16
6946,6946,0,9
6947,6947,0,12
6948,6948,0,5
6949,6949,0,3
6950,6950,0,12
6951,6951,0,10
6952,6952,0,8
6953,6953,0,6
6954,6954,0,11
6955,6955,0,10
6956,6956,0,11
6957,6957,0,14
6958,6958,0,5
6959,6959,0,15
6960,6960,0,16
6961,6961,0,17
6962,6962,0,18
6963,6963,0,5
6964,6964,0,13
6965,6965,0,14
6966,6966,0,19
6967,6967,0,13
6968,6968,0,12
6969,6969,0,19
6970,6970,0,11
6971,6971,0,11
6972,6972,0,15
6973,6973,0,13
6974,6974,0,14
6975,6975,0,16
6976,6976,0,17
6977,6977,0,15
6978,6978,0,22
6979,6979,0,7
6980,6980,0,14
6981,6981,0,11
6982,6982,0,10
6983,6983,0,16
6984,6984,0,17
6985,6985,0,10
6986,6986,0,15
6987,6987,0,24
6988,6988,0,8
6989,6989,0,24
6990,6990,0,25
6991,6991,0,15
6992,6992,0,17
6993,6993,0,13
6994,6994,0,13
6995,6995,0,17
6996,6996,0,10
6997,6997,0,14
6998,6998,0,13
6999,6999,0,11
7000,7000,0,12
7001,7001,0,8
7002,7002,0,10
7003,7003,0,15
7004,7004,0,14
7005,7005,0,11
7006,7006,0,10
7007,7007,0,-4
7008,7008,0,7
7009,7009,0,13
7010,7010,0,6
7011,7011,0,9
7012,7012,0,2
7013,7013,0,10
7014,7014,0,8
7015,7015,0,3
7016,7016,0,2
7017,7017,0,23
7018,7018,0,16
7019,7019,0,16
7020,7020,0,15
7021,7021,0,1
7022,7022,0,8
7023,7023,0,2
7024,7024,0,7
7025,7025,0,5
7026,7026,0,15
7027,7027,0,16
7028,7028,0,9
7029,7029,0,14
7030,7030,0,15
7031,7031,0,22
7032,7032,0,20
7033,7033,0,20
7034,7034,0,19
7035,7035,0,15
7036,7036,0,17
7037,7037,0,21
7038,7038,0,16
7039,7039,0,10
7040,7040,0,13
7041,7041,0,4
7042,7042,0,17
7043,7043,0,18
7044,7044,0,20
7045,7045,0,18
7046,7046,0,23
7047,7047,0,14
7048,7048,0,9
7049,7049,0,24
7050,7050,0,24
7051,7051,0,10
7052,7052,0,15
7053,7053,0,14
7054,7054,0,16
7055,7055,0,14
7056,7056,0,13
7057,7057,0,27
7058,7058,0,14
7059,7059,0,23
7060,7060,0,18
7061,7061,0,20
7062,7062,0,17
7063,7063,0,13
7064,7064,0,16
7065,7065,0,19
7066,7066,0,30
7067,7067,0,15
7068,7068,0,15
7069,7069,0,19
7070,7070,0,7
7071,7071,0,16
7072,7072,0,8
7073,7073,0,7
7074,7074,0,10
7075,7075,0,8
7076,7076,0,21
7077,7077,0,6
7078,7078,0,15
7079,7079,0,3
7080,7080,0,11
7081,7081,0,13
7082,7082,0,8
7083,7083,0,5
7084,7084,0,16
7085,7085,0,-3
7086,7086,0,9
7087,7087,0,11
7088,7088,0,11
7089,7089,0,10
7090,7090,0,10
7091,7091,0,17
7092,7092,0,18
7093,7093,0,2
7094,7094,0,10
7095,7095,0,9
7096,7096,0,6
7097,7097,0,12
7098,7098,0,2
7099,7099,0,13
7100,7100,0,11
7101,7101,0,13
7102,7102,0,13
7103,7103,0,11
7104,7104,0,12
7105,7105,0,17
7106,7106,0,16
7107,7107,0,4
7108,7108,0,10
7109,7109,0,25
7110,7110,0,23
7111,7111,0,13
7112,7112,0,12
7113,7113,0,10
7114,7114,0,11
7115,7115,0,16
7116,7116,0,8
7117,7117,0,17
7118,7118,0,16
7119,7119,0,11
7120,7120,0,16
7121,7121,0,15
7122,7122,0,14
7123,7123,0,13
7124,7124,0,16
7125,7125,0,17
7126,7126,0,17
7127,7127,0,14
7128,7128,0,13
7129,7129,0,8
7130,7130,0,21
7131,7131,0,13
7132,7132,0,17
7133,7133,0,13
7134,7134,0,17
7135,7135,0,14
7136,7136,0,16
7137,7137,0,15
7138,7138,0,5
7139,7139,0,12
7140,7140,0,15
7141,7141,0,11
7142,7142,0,11
7143,7143,0,9
7144,7144,0,22
7145,7145,0,17
7146,7146,0,13
7147,7147,0,13
7148,7148,0,14
7149,7149,0,9
7150,7150,0,13
7151,7151,0,20
7152,7152,0,17
7153,7153,0,16
7154,7154,0,15
7155,7155,0,12
7156,7156,0,13
7157,7157,0,8
7158,7158,0,3
7159,7159,0,9
7160,7160,0,5
7161,7161,0,16
7162,7162,0,3
7163,7163,0,3
7164,7164,0,25
7165,7165,0,10
7166,7166,0,13
7167,7167,0,15
7168,7168,0,9
7169,7169,0,15
7170,7170,0,17
7171,7171,0,14
7172,7172,0,8
7173,7173,0,15
7174,7174,0,12
7175,7175,0,18
7176,7176,0,10
7177,7177,0,17
7178,7178,0,11
7179,7179,0,9
7180,7180,0,9
7181,7181,0,5
7182,7182,0,10
7183,7183,0,1
7184,7184,0,12
7185,7185,0,12
7186,7186,0,10
7187,7187,0,1
7188,7188,0,12
7189,7189,0,19
7190,7190,0,11
7191,7191,0,14
7192,7192,0,12
7193,7193,0,5
7194,7194,0,5
7195,7195,0,17
7196,7196,0,18
7197,7197,0,20
7198,7198,0,25
7199,7199,0,18
7200,7200,0,14
7201,7201,0,18
7202,7202,0,9
7203,7203,0,12
7204,7204,0,19
7205,7205,0,10
7206,7206,0,17
7207,7207,0,21
7208,7208,0,31
7209,7209,0,20
7210,7210,0,22
7211,7211,0,16
7212,7212,0,21
7213,7213,0,20
7214,7214,0,19
7215,7215,0,14
7216,7216,0,7
7217,7217,0,6
7218,7218,0,7
7219,7219,0,6
7220,7220,0,11
7221,7221,0,16
7222,7222,0,18
7223,7223,0,24
7224,7224,0,15
7225,7225,0,12
7226,7226,0,23
7227,7227,0,19
7228,7228,0,22
7229,7229,0,16
7230,7230,0,14
7231,7231,0,20
7232,7232,0,19
7233,7233,0,20
7234,7234,0,12
7235,7235,0,11
7236,7236,0,11
7237,7237,0,2
7238,7238,0,17
7239,7239,0,10
7240,7240,0,6
7241,7241,0,5
7242,7242,0,11
7243,7243,0,20
7244,7244,0,5
7245,7245,0,5
7246,7246,0,0
7247,7247,0,14
7248,7248,0,13
7249,7249,0,11
7250,7250,0,6
7251,7251,0,0
7252,7252,0,12
7253,7253,0,11
7254,7254,0,12
7255,7255,0,-2
7256,7256,0,16
7257,7257,0,12
7258,7258,0,15
7259,7259,0,10
7260,7260,0,13
7261,7261,0,8
7262,7262,0,10
7263,7263,0,10
7264,7264,0,31
7265,7265,0,13
7266,7266,0,14
7267,7267,0,19
7268,7268,0,14
7269,7269,0,15
7270,7270,0,18
7271,7271,0,11
7272,7272,0,5
7273,7273,0,16
7274,7274,0,22
7275,7275,0,17
7276,7276,0,12
7277,7277,0,15
7278,7278,0,4
7279,7279,0,9
7280,7280,0,13
7281,7281,0,9
7282,7282,0,21
7283,7283,0,15
7284,7284,0,23
7285,7285,0,17
7286,7286,0,17
7287,7287,0,9
7288,7288,0,15
7289,7289,0,16
7290,7290,0,15
7291,7291,0,17
7292,7292,0,12
7293,7293,0,20
7294,7294,0,24
7295,7295,0,18
7296,7296,0,13
7297,7297,0,19
7298,7298,0,13
7299,7299,0,17
7300,7300,0,12
7301,7301,0,11
7302,7302,0,13
7303,7303,0,14
7304,7304,0,16
7305,7305,0,18
7306,7306,0,12
7307,7307,0,5
7308,7308,0,7
7309,7309,0,13
7310,7310,0,16
7311,7311,0,14
7312,7312,0,12
7313,7313,0,22
7314,7314,0,15
7315,7315,0,21
7316,7316,0,10
7317,7317,0,12
7318,7318,0,10
7319,7319,0,20
7320,7320,0,13
7321,7321,0,7
7322,7322,0,17
7323,7323,0,13
7324,7324,0,18
7325,7325,0,19
7326,7326,0,12
7327,7327,0,3
7328,7328,0,10
7329,7329,0,10
7330,7330,0,4
7331,7331,0,10
7332,7332,0,6
7333,7333,0,21
7334,7334,0,14
7335,7335,0,2
7336,7336,0,12
7337,7337,0,9
7338,7338,0,5
7339,7339,0,7
7340,7340,0,5
7341,7341,0,6
7342,7342,0,8
7343,7343,0,14
7344,7344,0,2
7345,7345,0,15
7346,7346,0,22
7347,7347,0,1
7348,7348,0,12
7349,7349,0,8
7350,7350,0,13
7351,7351,0,16
7352,7352,0,18
7353,7353,0,12
7354,7354,0,16
7355,7355,0,16
7356,7356,0,19
7357,7357,0,15
7358,7358,0,15
7359,7359,0,7
7360,7360,0,10
7361,7361,0,11
7362,7362,0,24
7363,7363,0,16
7364,7364,0,20
7365,7365,0,13
7366,7366,0,10
7367,7367,0,16
7368,7368,0,6
7369,7369,0,23
7370,7370,0,24
7371,7371,0,9
7372,7372,0,15
7373,7373,0,16
7374,7374,0,14
7375,7375,0,17
7376,7376,0,19
7377,7377,0,10
7378,7378,0,9
7379,7379,0,12
7380,7380,0,12
7381,7381,0,7
7382,7382,0,8
7383,7383,0,2
7384,7384,0,12
7385,7385,0,21
7386,7386,0,12
7387,7387,0,10
7388,7388,0,0
7389,7389,0,10
7390,7390,0,12
7391,7391,0,4
7392,7392,0,7
7393,7393,0,2
7394,7394,0,13
7395,7395,0,7
7396,7396,0,10
7397,7397,0,9
7398,7398,0,3
7399,7399,0,14
7400,7400,0,6
7401,7401,0,5
7402,7402,0,16
7403,7403,0,12
7404,7404,0,2
7405,7405,0,15
7406,7406,0,24
7407,7407,0,12
7408,7408,0,12
7409,7409,0,1
7410,7410,0,0
7411,7411,0,7
7412,7412,0,6
7413,7413,0,9
7414,7414,0,6
7415,7415,0,17
7416,7416,0,11
7417,7417,0,13
7418,7418,0,6
7419,7419,0,10
7420,7420,0,10
7421,7421,0,11
7422,7422,0,0
7423,7423,0,11
7424,7424,0,2
7425,7425,0,6
7426,7426,0,20
7427,7427,0,13
7428,7428,0,14
7429,7429,0,22
7430,7430,0,20
7431,7431,0,25
7432,7432,0,25
7433,7433,0,25
7434,7434,0,14
7435,7435,0,6
7436,7436,0,2
7437,7437,0,9
7438,7438,0,5
7439,7439,0,16
7440,7440,0,16
7441,7441,0,18
7442,7442,0,17
7443,7443,0,22
7444,7444,0,12
7445,7445,0,14
7446,7446,0,19
7447,7447,0,25
7448,7448,0,24
7449,7449,0,10
7450,7450,0,18
7451,7451,0,18
7452,7452,0,31
7453,7453,0,19
7454,7454,0,24
7455,7455,0,19
7456,7456,0,14
7457,7457,0,16
7458,7458,0,16
7459,7459,0,18
7460,7460,0,19
7461,7461,0,20
7462,7462,0,13
7463,7463,0,11
7464,7464,0,16
7465,7465,0,15
7466,7466,0,9
7467,7467,0,17
7468,7468,0,8
7469,7469,0,8
7470,7470,0,8
7471,7471,0,11
7472,7472,0,17
7473,7473,0,8
7474,7474,0,12
7475,7475,0,11
7476,7476,0,13
7477,7477,0,14
7478,7478,0,20
7479,7479,0,15
7480,7480,0,11
7481,7481,0,9
7482,7482,0,10
7483,7483,0,3
7484,7484,0,3
7485,7485,0,9
7486,7486,0,1
7487,7487,0,8
7488,7488,0,-1
7489,7489,0,8
7490,7490,0,12
7491,7491,0,19
7492,7492,0,19
7493,7493,0,7
7494,7494,0,16
7495,7495,0,9
7496,7496,0,12
7497,7497,0,16
7498,7498,0,12
7499,7499,0,12
7500,7500,0,14
7501,7501,0,15
7502,7502,0,7
7503,7503,0,9
7504,7504,0,9
7505,7505,0,12
7506,7506,0,5
7507,7507,0,6
7508,7508,0,18
7509,7509,0,9
7510,7510,0,12
7511,7511,0,16
7512,7512,0,5
7513,7513,0,9
7514,7514,0,9
7515,7515,0,22
7516,7516,0,14
7517,7517,0,5
7518,7518,0,13
7519,7519,0,15
7520,7520,0,7
7521,7521,0,20
7522,7522,0,10
7523,7523,0,8
7524,7524,0,16
7525,7525,0,12
7526,7526,0,12
7527,7527,0,19
7528,7528,0,22
7529,7529,0,13
7530,7530,0,28
7531,7531,0,23
7532,7532,0,7
7533,7533,0,10
7534,7534,0,22
7535,7535,0,11
7536,7536,0,21
7537,7537,0,16
7538,7538,0,24
7539,7539,0,22
7540,7540,0,16
7541,7541,0,11
7542,7542,0,6
7543,7543,0,20
7544,7544,0,3
7545,7545,0,15
7546,7546,0,16
7547,7547,0,20
7548,7548,0,4
7549,7549,0,14
7550,7550,0,12
7551,7551,0,18
7552,7552,0,12
7553,7553,0,12
7554,7554,0,8
7555,7555,0,12
7556,7556,0,12
7557,7557,0,5
7558,7558,0,10
7559,7559,0,8
7560,7560,0,4
7561,7561,0,10
7562,7562,0,7
7563,7563,0,4
7564,7564,0,10
7565,7565,0,5
7566,7566,0,28
7567,7567,0,12
7568,7568,0,2
7569,7569,0,4
7570,7570,0,19
7571,7571,0,15
7572,7572,0,2
7573,7573,0,5
7574,7574,0,12
7575,7575,0,13
7576,7576,0,9
7577,7577,0,9
7578,7578,0,-3
7579,7579,0,13
7580,7580,0,15
7581,7581,0,2
7582,7582,0,6
7583,7583,0,15
7584,7584,0,12
7585,7585,0,13
7586,7586,0,10
7587,7587,0,5
7588,7588,0,9
7589,7589,0,11
7590,7590,0,9
7591,7591,0,22
7592,7592,0,13
7593,7593,0,22
7594,7594,0,13
7595,7595,0,19
7596,7596,0,21
7597,7597,0,13
7598,7598,0,15
7599,7599,0,17
7600,7600,0,10
7601,7601,0,16
7602,7602,0,22
7603,7603,0,15
7604,7604,0,11
7605,7605,0,15
7606,7606,0,4
7607,7607,0,7
7608,7608,0,14
7609,7609,0,11
7610,7610,0,12
7611,7611,0,15
7612,7612,0,6
7613,7613,0,19
7614,7614,0,19
7615,7615,0,3
7616,7616,0,8
7617,7617,0,3
7618,7618,0,11
7619,7619,0,16
7620,7620,0,15
7621,7621,0,20
7622,7622,0,16
7623,7623,0,11
7624,7624,0,11
7625,7625,0,17
7626,7626,0,18
7627,7627,0,17
7628,7628,0,7
7629,7629,0,9
7630,7630,0,10
7631,7631,0,18
7632,7632,0,14
7633,7633,0,12
7634,7634,0,13
7635,7635,0,6
7636,7636,0,10
7637,7637,0,7
7638,7638,0,18
7639,7639,0,16
7640,7640,0,10
7641,7641,0,8
7642,7642,0,11
7643,7643,0,9
7644,7644,0,7
7645,7645,0,6
7646,7646,0,1
7647,7647,0,0
7648,7648,0,14
7649,7649,0,8
7650,7650,0,18
7651,7651,0,7
7652,7652,0,15
7653,7653,0,4
7654,7654,0,6
7655,7655,0,14
7656,7656,0,4
7657,7657,0,4
7658,7658,0,12
7659,7659,0,15
7660,7660,0,14
7661,7661,0,8
7662,7662,0,15
7663,7663,0,15
7664,7664,0,15
7665,7665,0,8
7666,7666,0,1
7667,7667,0,19
7668,7668,0,12
7669,7669,0,16
7670,7670,0,17
7671,7671,0,19
7672,7672,0,16
7673,7673,0,12
7674,7674,0,15
7675,7675,0,9
7676,7676,0,16
7677,7677,0,13
7678,7678,0,1
7679,7679,0,20
7680,7680,0,12
7681,7681,0,11
7682,7682,0,11
7683,7683,0,14
7684,7684,0,17
7685,7685,0,11
7686,7686,0,10
7687,7687,0,11
7688,7688,0,11
7689,7689,0,7
7690,7690,0,17
7691,7691,0,8
7692,7692,0,11
7693,7693,0,15
7694,7694,0,14
7695,7695,0,25
7696,7696,0,20
7697,7697,0,14
7698,7698,0,3
7699,7699,0,5
7700,7700,0,22
7701,7701,0,15
7702,7702,0,14
7703,7703,0,19
7704,7704,0,11
7705,7705,0,9
7706,7706,0,11
7707,7707,0,6
7708,7708,0,13
7709,7709,0,12
7710,7710,0,20
7711,7711,0,15
7712,7712,0,11
7713,7713,0,7
7714,7714,0,20
7715,7715,0,16
7716,7716,0,0
7717,7717,0,10
7718,7718,0,7
7719,7719,0,2
7720,7720,0,-1
7721,7721,0,8
7722,7722,0,19
7723,7723,0,12
7724,7724,0,6
7725,7725,0,15
7726,7726,0,15
7727,7727,0,20
7728,7728,0,12
7729,7729,0,17
7730,7730,0,6
7731,7731,0,10
7732,7732,0,11
7733,7733,0,6
7734,7734,0,2
7735,7735,0,5
7736,7736,0,21
7737,7737,0,20
7738,7738,0,4
7739,7739,0,-1
7740,7740,0,15
7741,7741,0,14
7742,7742,0,14
7743,7743,0,-4
7744,7744,0,9
7745,7745,0,9
7746,7746,0,9
7747,7747,0,7
7748,7748,0,1
7749,7749,0,16
7750,7750,0,10
7751,7751,0,6
7752,7752,0,9
7753,7753,0,7
7754,7754,0,17
7755,7755,0,23
7756,7756,0,12
7757,7757,0,12
7758,7758,0,14
7759,7759,0,11
7760,7760,0,18
7761,7761,0,15
7762,7762,0,15
7763,7763,0,15
7764,7764,0,9
7765,7765,0,22
7766,7766,0,19
7767,7767,0,17
7768,7768,0,17
7769,7769,0,10
7770,7770,0,9
7771,7771,0,11
7772,7772,0,11
7773,7773,0,12
7774,7774,0,19
7775,7775,0,23
7776,7776,0,15
7777,7777,0,18
7778,7778,0,15
7779,7779,0,16
7780,7780,0,14
7781,7781,0,10
7782,7782,0,23
7783,7783,0,17
7784,7784,0,9
7785,7785,0,11
7786,7786,0,13
7787,7787,0,14
7788,7788,0,7
7789,7789,0,11
7790,7790,0,8
7791,7791,0,16
7792,7792,0,18
7793,7793,0,13
7794,7794,0,12
7795,7795,0,24
7796,7796,0,14
7797,7797,0,8
7798,7798,0,10
7799,7799,0,7
7800,7800,0,12
7801,7801,0,9
7802,7802,0,4
7803,7803,0,8
7804,7804,0,8
7805,7805,0,8
7806,7806,0,14
7807,7807,0,11
7808,7808,0,6
7809,7809,0,10
7810,7810,0,1
7811,7811,0,10
7812,7812,0,7
7813,7813,0,16
7814,7814,0,11
7815,7815,0,16
7816,7816,0,18
7817,7817,0,11
7818,7818,0,8
7819,7819,0,11
7820,7820,0,4
7821,7821,0,3
7822,7822,0,11
7823,7823,0,15
7824,7824,0,16
7825,7825,0,22
7826,7826,0,11
7827,7827,0,19
7828,7828,0,23
7829,7829,0,7
7830,7830,0,7
7831,7831,0,13
7832,7832,0,15
7833,7833,0,10
7834,7834,0,13
7835,7835,0,19
7836,7836,0,16
7837,7837,0,5
7838,7838,0,19
7839,7839,0,17
7840,7840,0,6
7841,7841,0,15
7842,7842,0,15
7843,7843,0,13
7844,7844,0,11
7845,7845,0,16
7846,7846,0,14
7847,7847,0,11
7848,7848,0,18
7849,7849,0,18
7850,7850,0,22
7851,7851,0,16
7852,7852,0,26
7853,7853,0,21
7854,7854,0,12
7855,7855,0,15
7856,7856,0,16
7857,7857,0,12
7858,7858,0,19
7859,7859,0,30
7860,7860,0,21
7861,7861,0,19
7862,7862,0,7
7863,7863,0,16
7864,7864,0,27
7865,7865,0,11
7866,7866,0,15
7867,7867,0,16
7868,7868,0,14
7869,7869,0,13
7870,7870,0,11
7871,7871,0,22
7872,7872,0,18
7873,7873,0,10
7874,7874,0,11
7875,7875,0,25
7876,7876,0,14
7877,7877,0,10
7878,7878,0,19
7879,7879,0,18
7880,7880,0,9
7881,7881,0,13
7882,7882,0,17
7883,7883,0,8
7884,7884,0,5
7885,7885,0,4
7886,7886,0,6
7887,7887,0,10
7888,7888,0,-2
7889,7889,0,5
7890,7890,0,6
7891,7891,0,11
7892,7892,0,6
7893,7893,0,14
7894,7894,0,6
7895,7895,0,8
7896,7896,0,13
7897,7897,0,4
7898,7898,0,11
7899,7899,0,6
7900,7900,0,13
7901,7901,0,18
7902,7902,0,19
7903,7903,0,13
7904,7904,0,16
7905,7905,0,14
7906,7906,0,6
7907,7907,0,-1
7908,7908,0,13
7909,7909,0,0
7910,7910,0,15
7911,7911,0,17
7912,7912,0,11
7913,7913,0,16
7914,7914,0,7
7915,7915,0,15
7916,7916,0,9
7917,7917,0,12
7918,7918,0,9
7919,7919,0,9
7920,7920,0,10
7921,7921,0,11
7922,7922,0,12
7923,7923,0,8
7924,7924,0,8
7925,7925,0,17
7926,7926,0,19
7927,7927,0,6
7928,7928,0,11
7929,7929,0,17
7930,7930,0,17
7931,7931,0,12
7932,7932,0,16
7933,7933,0,18
7934,7934,0,20
7935,7935,0,9
7936,7936,0,16
7937,7937,0,10
7938,7938,0,10
7939,7939,0,25
7940,7940,0,10
7941,7941,0,13
7942,7942,0,11
7943,7943,0,25
7944,7944,0,26
7945,7945,0,12
7946,7946,0,10
7947,7947,0,3
7948,7948,0,12
7949,7949,0,4
7950,7950,0,1
7951,7951,0,16
7952,7952,0,17
7953,7953,0,5
7954,7954,0,7
7955,7955,0,2
7956,7956,0,-2
7957,7957,0,16
7958,7958,0,8
7959,7959,0,9
7960,7960,0,11
7961,7961,0,12
7962,7962,0,13
7963,7963,0,1
7964,7964,0,7
7965,7965,0,3
7966,7966,0,1
7967,7967,0,6
7968,7968,0,16
7969,7969,0,16
7970,7970,0,15
7971,7971,0,11
7972,7972,0,3
7973,7973,0,5
7974,7974,0,4
7975,7975,0,8
7976,7976,0,9
7977,7977,0,11
7978,7978,0,13
7979,7979,0,17
7980,7980,0,15
7981,7981,0,12
7982,7982,0,5
7983,7983,0,12
7984,7984,0,4
7985,7985,0,9
7986,7986,0,6
7987,7987,0,9
7988,7988,0,17
7989,7989,0,3
7990,7990,0,14
7991,7991,0,16
7992,7992,0,6
7993,7993,0,11
7994,7994,0,14
7995,7995,0,16
7996,7996,0,12
7997,7997,0,13
7998,7998,0,17
7999,7999,0,24
8000,8000,0,12
8001,8001,0,11
8002,8002,0,14
8003,8003,0,10
8004,8004,0,5
8005,8005,0,7
8006,8006,0,11
8007,8007,0,13
8008,8008,0,14
8009,8009,0,17
8010,8010,0,10
8011,8011,0,20
8012,8012,0,18
8013,8013,0,13
8014,8014,0,18
8015,8015,0,11
8016,8016,0,8
8017,8017,0,15
8018,8018,0,14
8019,8019,0,11
8020,8020,0,11
8021,8021,0,16
8022,8022,0,11
8023,8023,0,8
8024,8024,0,10
8025,8025,0,15
8026,8026,0,16
8027,8027,0,11
8028,8028,0,12
8029,8029,0,11
8030,8030,0,16
8031,8031,0,8
8032,8032,0,6
8033,8033,0,7
8034,8034,0,9
8035,8035,0,14
8036,8036,0,22
8037,8037,0,6
8038,8038,0,-5
8039,8039,0,-2
8040,8040,0,9
8041,8041,0,10
8042,8042,0,21
8043,8043,0,4
8044,8044,0,3
8045,8045,0,8
8046,8046,0,15
8047,8047,0,11
8048,8048,0,1
8049,8049,0,4
8050,8050,0,11
8051,8051,0,3
8052,8052,0,11
8053,8053,0,18
8054,8054,0,11
8055,8055,0,18
8056,8056,0,12
8057,8057,0,10
8058,8058,0,6
8059,8059,0,19
8060,8060,0,14
8061,8061,0,14
8062,8062,0,11
8063,8063,0,10
8064,8064,0,14
8065,8065,0,13
8066,8066,0,15
8067,8067,0,13
8068,8068,0,14
8069,8069,0,19
8070,8070,0,2
8071,8071,0,11
8072,8072,0,13
8073,8073,0,18
8074,8074,0,24
8075,8075,0,30
8076,8076,0,27
8077,8077,0,15
8078,8078,0,18
8079,8079,0,11
8080,8080,0,6
8081,8081,0,10
8082,8082,0,2
8083,8083,0,14
8084,8084,0,23
8085,8085,0,11
8086,8086,0,6
8087,8087,0,13
8088,8088,0,17
8089,8089,0,21
8090,8090,0,17
8091,8091,0,14
8092,8092,0,10
8093,8093,0,13
8094,8094,0,16
8095,8095,0,20
8096,8096,0,13
8097,8097,0,19
8098,8098,0,22
8099,8099,0,8
8100,8100,0,9
8101,8101,0,11
8102,8102,0,15
8103,8103,0,24
8104,8104,0,23
8105,8105,0,14
8106,8106,0,12
8107,8107,0,18
8108,8108,0,16
8109,8109,0,8
8110,8110,0,19
8111,8111,0,16
8112,8112,0,22
8113,8113,0,13
8114,8114,0,12
8115,8115,0,8
8116,8116,0,21
8117,8117,0,15
8118,8118,0,9
8119,8119,0,11
8120,8120,0,9
8121,8121,0,14
8122,8122,0,8
8123,8123,0,1
8124,8124,0,9
8125,8125,0,15
8126,8126,0,13
8127,8127,0,14
8128,8128,0,1
8129,8129,0,5
8130,8130,0,11
8131,8131,0,4
8132,8132,0,5
8133,8133,0,11
8134,8134,0,19
8135,8135,0,7
8136,8136,0,13
8137,8137,0,10
8138,8138,0,9
8139,8139,0,19
8140,8140,0,8
8141,8141,0,3
8142,8142,0,10
8143,8143,0,7
8144,8144,0,12
8145,8145,0,10
8146,8146,0,3
8147,8147,0,6
8148,8148,0,18
8149,8149,0,7
8150,8150,0,19
8151,8151,0,12
8152,8152,0,15
8153,8153,0,6
8154,8154,0,20
8155,8155,0,13
8156,8156,0,9
8157,8157,0,28
8158,8158,0,17
8159,8159,0,10
8160,8160,0,14
8161,8161,0,11
8162,8162,0,22
8163,8163,0,16
8164,8164,0,16
8165,8165,0,14
8166,8166,0,6
8167,8167,0,18
8168,8168,0,18
8169,8169,0,20
8170,8170,0,12
8171,8171,0,15
8172,8172,0,5
8173,8173,0,23
8174,8174,0,12
8175,8175,0,18
8176,8176,0,12
8177,8177,0,13
8178,8178,0,16
8179,8179,0,11
8180,8180,0,12
8181,8181,0,17
8182,8182,0,16
8183,8183,0,11
8184,8184,0,12
8185,8185,0,27
8186,8186,0,12
8187,8187,0,11
8188,8188,0,13
8189,8189,0,21
8190,8190,0,18
8191,8191,0,17
