Sample in Buffer,Sample in Window,TRIGGER,ads422x_db[11:0]
Radix - UNSIGNED,UNSIGNED,UNSIGNED,SIGNED
0,0,0,19
1,1,0,11
2,2,0,10
3,3,0,7
4,4,0,6
5,5,0,17
6,6,0,6
7,7,0,9
8,8,0,18
9,9,0,14
10,10,0,8
11,11,0,7
12,12,0,9
13,13,0,20
14,14,0,4
15,15,0,8
16,16,0,3
17,17,0,5
18,18,0,6
19,19,0,15
20,20,0,10
21,21,0,14
22,22,0,2
23,23,0,2
24,24,0,12
25,25,0,17
26,26,0,5
27,27,0,10
28,28,0,17
29,29,0,15
30,30,0,14
31,31,0,12
32,32,0,11
33,33,0,15
34,34,0,2
35,35,0,3
36,36,0,8
37,37,0,10
38,38,0,16
39,39,0,20
40,40,0,33
41,41,0,27
42,42,0,20
43,43,0,21
44,44,0,24
45,45,0,16
46,46,0,8
47,47,0,9
48,48,0,18
49,49,0,19
50,50,0,18
51,51,0,9
52,52,0,19
53,53,0,17
54,54,0,9
55,55,0,9
56,56,0,18
57,57,0,18
58,58,0,14
59,59,0,13
60,60,0,6
61,61,0,16
62,62,0,13
63,63,0,17
64,64,0,17
65,65,0,11
66,66,0,5
67,67,0,15
68,68,0,18
69,69,0,15
70,70,0,6
71,71,0,6
72,72,0,6
73,73,0,12
74,74,0,16
75,75,0,11
76,76,0,13
77,77,0,6
78,78,0,13
79,79,0,5
80,80,0,8
81,81,0,15
82,82,0,9
83,83,0,7
84,84,0,14
85,85,0,4
86,86,0,8
87,87,0,3
88,88,0,13
89,89,0,3
90,90,0,10
91,91,0,11
92,92,0,11
93,93,0,21
94,94,0,12
95,95,0,22
96,96,0,4
97,97,0,11
98,98,0,17
99,99,0,10
100,100,0,5
101,101,0,16
102,102,0,14
103,103,0,15
104,104,0,16
105,105,0,19
106,106,0,15
107,107,0,18
108,108,0,1
109,109,0,-1
110,110,0,17
111,111,0,20
112,112,0,11
113,113,0,16
114,114,0,10
115,115,0,17
116,116,0,16
117,117,0,18
118,118,0,15
119,119,0,16
120,120,0,16
121,121,0,12
122,122,0,18
123,123,0,9
124,124,0,8
125,125,0,17
126,126,0,18
127,127,0,19
128,128,0,13
129,129,0,13
130,130,0,10
131,131,0,15
132,132,0,18
133,133,0,19
134,134,0,8
135,135,0,9
136,136,0,16
137,137,0,8
138,138,0,14
139,139,0,18
140,140,0,6
141,141,0,6
142,142,0,14
143,143,0,10
144,144,0,12
145,145,0,13
146,146,0,13
147,147,0,10
148,148,0,16
149,149,0,12
150,150,0,10
151,151,0,9
152,152,0,3
153,153,0,10
154,154,0,12
155,155,0,7
156,156,0,4
157,157,0,0
158,158,0,11
159,159,0,24
160,160,0,16
161,161,0,20
162,162,0,17
163,163,0,7
164,164,0,4
165,165,0,9
166,166,0,5
167,167,0,5
168,168,0,6
169,169,0,1
170,170,0,8
171,171,0,2
172,172,0,10
173,173,0,10
174,174,0,14
175,175,0,14
176,176,0,9
177,177,0,7
178,178,0,8
179,179,0,10
180,180,0,13
181,181,0,12
182,182,0,16
183,183,0,14
184,184,0,9
185,185,0,9
186,186,0,16
187,187,0,12
188,188,0,13
189,189,0,14
190,190,0,18
191,191,0,15
192,192,0,9
193,193,0,9
194,194,0,13
195,195,0,17
196,196,0,8
197,197,0,17
198,198,0,18
199,199,0,14
200,200,0,7
201,201,0,12
202,202,0,15
203,203,0,19
204,204,0,29
205,205,0,23
206,206,0,23
207,207,0,19
208,208,0,17
209,209,0,20
210,210,0,16
211,211,0,17
212,212,0,5
213,213,0,5
214,214,0,12
215,215,0,11
216,216,0,5
217,217,0,5
218,218,0,11
219,219,0,1
220,220,0,13
221,221,0,9
222,222,0,10
223,223,0,6
224,224,0,8
225,225,0,12
226,226,0,14
227,227,0,15
228,228,0,15
229,229,0,8
230,230,0,7
231,231,0,12
232,232,0,8
233,233,0,10
234,234,0,7
235,235,0,12
236,236,0,13
237,237,0,5
238,238,0,5
239,239,0,2
240,240,0,2
241,241,0,7
242,242,0,7
243,243,0,5
244,244,0,5
245,245,0,18
246,246,0,2
247,247,0,2
248,248,0,7
249,249,0,15
250,250,0,16
251,251,0,16
252,252,0,10
253,253,0,16
254,254,0,15
255,255,0,7
256,256,0,12
257,257,0,16
258,258,0,1
259,259,0,19
260,260,0,11
261,261,0,-3
262,262,0,1
263,263,0,10
264,264,0,17
265,265,0,20
266,266,0,15
267,267,0,16
268,268,0,24
269,269,0,19
270,270,0,18
271,271,0,15
272,272,0,15
273,273,0,15
274,274,0,8
275,275,0,16
276,276,0,17
277,277,0,14
278,278,0,15
279,279,0,15
280,280,0,16
281,281,0,16
282,282,0,12
283,283,0,5
284,284,0,20
285,285,0,15
286,286,0,22
287,287,0,23
288,288,0,20
289,289,0,25
290,290,0,18
291,291,0,14
292,292,0,12
293,293,0,6
294,294,0,14
295,295,0,17
296,296,0,18
297,297,0,21
298,298,0,15
299,299,0,17
300,300,0,16
301,301,0,9
302,302,0,10
303,303,0,9
304,304,0,13
305,305,0,9
306,306,0,20
307,307,0,13
308,308,0,14
309,309,0,8
310,310,0,10
311,311,0,22
312,312,0,25
313,313,0,9
314,314,0,15
315,315,0,9
316,316,0,2
317,317,0,10
318,318,0,7
319,319,0,5
320,320,0,6
321,321,0,4
322,322,0,12
323,323,0,10
324,324,0,3
325,325,0,10
326,326,0,5
327,327,0,11
328,328,0,8
329,329,0,13
330,330,0,6
331,331,0,18
332,332,0,8
333,333,0,21
334,334,0,3
335,335,0,2
336,336,0,10
337,337,0,15
338,338,0,9
339,339,0,17
340,340,0,3
341,341,0,5
342,342,0,6
343,343,0,11
344,344,0,7
345,345,0,4
346,346,0,7
347,347,0,0
348,348,0,12
349,349,0,21
350,350,0,11
351,351,0,8
352,352,0,7
353,353,0,14
354,354,0,16
355,355,0,18
356,356,0,17
357,357,0,17
358,358,0,14
359,359,0,18
360,360,0,20
361,361,0,16
362,362,0,17
363,363,0,14
364,364,0,6
365,365,0,16
366,366,0,16
367,367,0,12
368,368,0,16
369,369,0,17
370,370,0,20
371,371,0,13
372,372,0,15
373,373,0,13
374,374,0,13
375,375,0,13
376,376,0,17
377,377,0,17
378,378,0,13
379,379,0,18
380,380,0,14
381,381,0,22
382,382,0,16
383,383,0,15
384,384,0,14
385,385,0,12
386,386,0,14
387,387,0,17
388,388,0,8
389,389,0,10
390,390,0,11
391,391,0,18
392,392,0,8
393,393,0,11
394,394,0,8
395,395,0,5
396,396,0,18
397,397,0,13
398,398,0,9
399,399,0,11
400,400,0,5
401,401,0,4
402,402,0,4
403,403,0,4
404,404,0,6
405,405,0,12
406,406,0,4
407,407,0,8
408,408,0,2
409,409,0,11
410,410,0,4
411,411,0,5
412,412,0,18
413,413,0,13
414,414,0,12
415,415,0,13
416,416,0,11
417,417,0,3
418,418,0,-1
419,419,0,11
420,420,0,5
421,421,0,3
422,422,0,6
423,423,0,10
424,424,0,13
425,425,0,19
426,426,0,17
427,427,0,15
428,428,0,14
429,429,0,20
430,430,0,13
431,431,0,19
432,432,0,11
433,433,0,13
434,434,0,10
435,435,0,9
436,436,0,11
437,437,0,17
438,438,0,21
439,439,0,14
440,440,0,17
441,441,0,16
442,442,0,13
443,443,0,13
444,444,0,21
445,445,0,18
446,446,0,21
447,447,0,19
448,448,0,14
449,449,0,14
450,450,0,30
451,451,0,23
452,452,0,16
453,453,0,20
454,454,0,25
455,455,0,18
456,456,0,25
457,457,0,19
458,458,0,21
459,459,0,17
460,460,0,20
461,461,0,17
462,462,0,14
463,463,0,14
464,464,0,7
465,465,0,14
466,466,0,9
467,467,0,4
468,468,0,12
469,469,0,14
470,470,0,9
471,471,0,9
472,472,0,8
473,473,0,6
474,474,0,24
475,475,0,9
476,476,0,14
477,477,0,6
478,478,0,2
479,479,0,11
480,480,0,6
481,481,0,15
482,482,0,12
483,483,0,13
484,484,0,8
485,485,0,0
486,486,0,7
487,487,0,9
488,488,0,8
489,489,0,14
490,490,0,8
491,491,0,15
492,492,0,5
493,493,0,12
494,494,0,3
495,495,0,-2
496,496,0,2
497,497,0,3
498,498,0,6
499,499,0,7
500,500,0,-4
501,501,0,-3
502,502,0,4
503,503,0,9
504,504,0,2
505,505,0,16
506,506,0,11
507,507,0,22
508,508,0,14
509,509,0,21
510,510,0,9
511,511,0,11
512,512,0,12
513,513,0,8
514,514,0,15
515,515,0,18
516,516,0,12
517,517,0,15
518,518,0,19
519,519,0,10
520,520,0,20
521,521,0,13
522,522,0,9
523,523,0,10
524,524,0,13
525,525,0,9
526,526,0,16
527,527,0,21
528,528,0,17
529,529,0,21
530,530,0,22
531,531,0,14
532,532,0,9
533,533,0,16
534,534,0,17
535,535,0,8
536,536,0,10
537,537,0,21
538,538,0,18
539,539,0,13
540,540,0,17
541,541,0,11
542,542,0,16
543,543,0,11
544,544,0,12
545,545,0,12
546,546,0,13
547,547,0,11
548,548,0,20
549,549,0,24
550,550,0,10
551,551,0,19
552,552,0,6
553,553,0,15
554,554,0,26
555,555,0,34
556,556,0,18
557,557,0,2
558,558,0,-3
559,559,0,18
560,560,0,3
561,561,0,10
562,562,0,12
563,563,0,10
564,564,0,12
565,565,0,4
566,566,0,2
567,567,0,1
568,568,0,1
569,569,0,-2
570,570,0,3
571,571,0,4
572,572,0,14
573,573,0,11
574,574,0,13
575,575,0,11
576,576,0,7
577,577,0,11
578,578,0,2
579,579,0,8
580,580,0,9
581,581,0,19
582,582,0,18
583,583,0,17
584,584,0,9
585,585,0,2
586,586,0,6
587,587,0,2
588,588,0,-3
589,589,0,6
590,590,0,14
591,591,0,15
592,592,0,23
593,593,0,17
594,594,0,8
595,595,0,13
596,596,0,10
597,597,0,16
598,598,0,21
599,599,0,22
600,600,0,13
601,601,0,19
602,602,0,10
603,603,0,17
604,604,0,7
605,605,0,3
606,606,0,17
607,607,0,19
608,608,0,16
609,609,0,15
610,610,0,16
611,611,0,16
612,612,0,6
613,613,0,9
614,614,0,17
615,615,0,21
616,616,0,19
617,617,0,16
618,618,0,17
619,619,0,15
620,620,0,16
621,621,0,17
622,622,0,10
623,623,0,7
624,624,0,0
625,625,0,13
626,626,0,14
627,627,0,4
628,628,0,14
629,629,0,15
630,630,0,12
631,631,0,13
632,632,0,14
633,633,0,14
634,634,0,11
635,635,0,11
636,636,0,12
637,637,0,12
638,638,0,9
639,639,0,2
640,640,0,9
641,641,0,11
642,642,0,18
643,643,0,15
644,644,0,12
645,645,0,21
646,646,0,10
647,647,0,14
648,648,0,6
649,649,0,0
650,650,0,5
651,651,0,8
652,652,0,9
653,653,0,11
654,654,0,5
655,655,0,8
656,656,0,15
657,657,0,9
658,658,0,6
659,659,0,16
660,660,0,20
661,661,0,17
662,662,0,10
663,663,0,7
664,664,0,8
665,665,0,12
666,666,0,10
667,667,0,11
668,668,0,9
669,669,0,21
670,670,0,11
671,671,0,20
672,672,0,20
673,673,0,12
674,674,0,11
675,675,0,17
676,676,0,9
677,677,0,17
678,678,0,16
679,679,0,14
680,680,0,14
681,681,0,15
682,682,0,14
683,683,0,10
684,684,0,16
685,685,0,16
686,686,0,12
687,687,0,15
688,688,0,16
689,689,0,17
690,690,0,11
691,691,0,22
692,692,0,10
693,693,0,7
694,694,0,9
695,695,0,11
696,696,0,14
697,697,0,9
698,698,0,6
699,699,0,15
700,700,0,13
701,701,0,14
702,702,0,7
703,703,0,10
704,704,0,13
705,705,0,17
706,706,0,16
707,707,0,11
708,708,0,15
709,709,0,8
710,710,0,6
711,711,0,12
712,712,0,7
713,713,0,6
714,714,0,13
715,715,0,2
716,716,0,-2
717,717,0,0
718,718,0,7
719,719,0,0
720,720,0,7
721,721,0,14
722,722,0,-1
723,723,0,0
724,724,0,11
725,725,0,12
726,726,0,4
727,727,0,5
728,728,0,14
729,729,0,6
730,730,0,1
731,731,0,14
732,732,0,1
733,733,0,1
734,734,0,-2
735,735,0,9
736,736,0,7
737,737,0,6
738,738,0,18
739,739,0,10
740,740,0,5
741,741,0,9
742,742,0,17
743,743,0,20
744,744,0,8
745,745,0,16
746,746,0,13
747,747,0,12
748,748,0,10
749,749,0,15
750,750,0,9
751,751,0,7
752,752,0,-3
753,753,0,14
754,754,0,18
755,755,0,10
756,756,0,10
757,757,0,18
758,758,0,13
759,759,0,13
760,760,0,16
761,761,0,13
762,762,0,7
763,763,0,8
764,764,0,6
765,765,0,16
766,766,0,6
767,767,0,12
768,768,0,12
769,769,0,18
770,770,0,16
771,771,0,10
772,772,0,18
773,773,0,26
774,774,0,24
775,775,0,20
776,776,0,15
777,777,0,22
778,778,0,14
779,779,0,5
780,780,0,10
781,781,0,13
782,782,0,18
783,783,0,20
784,784,0,12
785,785,0,13
786,786,0,11
787,787,0,14
788,788,0,4
789,789,0,9
790,790,0,11
791,791,0,18
792,792,0,17
793,793,0,9
794,794,0,8
795,795,0,6
796,796,0,9
797,797,0,6
798,798,0,7
799,799,0,17
800,800,0,13
801,801,0,8
802,802,0,10
803,803,0,9
804,804,0,2
805,805,0,5
806,806,0,14
807,807,0,15
808,808,0,8
809,809,0,8
810,810,0,8
811,811,0,6
812,812,0,5
813,813,0,11
814,814,0,3
815,815,0,9
816,816,0,0
817,817,0,-2
818,818,0,11
819,819,0,19
820,820,0,14
821,821,0,9
822,822,0,16
823,823,0,6
824,824,0,1
825,825,0,7
826,826,0,11
827,827,0,15
828,828,0,15
829,829,0,15
830,830,0,18
831,831,0,12
832,832,0,18
833,833,0,12
834,834,0,15
835,835,0,12
836,836,0,6
837,837,0,12
838,838,0,9
839,839,0,16
840,840,0,16
841,841,0,11
842,842,0,12
843,843,0,20
844,844,0,16
845,845,0,21
846,846,0,22
847,847,0,10
848,848,0,10
849,849,0,9
850,850,0,10
851,851,0,13
852,852,0,18
853,853,0,7
854,854,0,9
855,855,0,13
856,856,0,21
857,857,0,14
858,858,0,17
859,859,0,11
860,860,0,16
861,861,0,6
862,862,0,2
863,863,0,-4
864,864,0,10
865,865,0,6
866,866,0,8
867,867,0,6
868,868,0,7
869,869,0,13
870,870,0,11
871,871,0,11
872,872,0,16
873,873,0,11
874,874,0,13
875,875,0,14
876,876,0,7
877,877,0,10
878,878,0,11
879,879,0,4
880,880,0,19
881,881,0,6
882,882,0,5
883,883,0,0
884,884,0,12
885,885,0,10
886,886,0,6
887,887,0,12
888,888,0,5
889,889,0,2
890,890,0,-8
891,891,0,8
892,892,0,8
893,893,0,6
894,894,0,2
895,895,0,5
896,896,0,-1
897,897,0,-4
898,898,0,18
899,899,0,14
900,900,0,11
901,901,0,9
902,902,0,10
903,903,0,13
904,904,0,9
905,905,0,12
906,906,0,3
907,907,0,3
908,908,0,5
909,909,0,7
910,910,0,2
911,911,0,12
912,912,0,11
913,913,0,13
914,914,0,11
915,915,0,17
916,916,0,19
917,917,0,14
918,918,0,14
919,919,0,13
920,920,0,10
921,921,0,13
922,922,0,12
923,923,0,10
924,924,0,15
925,925,0,12
926,926,0,9
927,927,0,5
928,928,0,16
929,929,0,23
930,930,0,20
931,931,0,13
932,932,0,14
933,933,0,7
934,934,0,22
935,935,0,9
936,936,0,8
937,937,0,8
938,938,0,11
939,939,0,15
940,940,0,16
941,941,0,13
942,942,0,17
943,943,0,13
944,944,0,8
945,945,0,9
946,946,0,6
947,947,0,16
948,948,0,5
949,949,0,12
950,950,0,10
951,951,0,7
952,952,0,7
953,953,0,10
954,954,0,11
955,955,0,6
956,956,0,10
957,957,0,17
958,958,0,5
959,959,0,9
960,960,0,7
961,961,0,7
962,962,0,9
963,963,0,12
964,964,0,9
965,965,0,5
966,966,0,16
967,967,0,21
968,968,0,15
969,969,0,6
970,970,0,6
971,971,0,-3
972,972,0,4
973,973,0,2
974,974,0,-1
975,975,0,7
976,976,0,8
977,977,0,8
978,978,0,8
979,979,0,6
980,980,0,10
981,981,0,12
982,982,0,9
983,983,0,11
984,984,0,17
985,985,0,10
986,986,0,4
987,987,0,7
988,988,0,23
989,989,0,15
990,990,0,15
991,991,0,15
992,992,0,16
993,993,0,14
994,994,0,22
995,995,0,13
996,996,0,13
997,997,0,17
998,998,0,11
999,999,0,9
1000,1000,0,5
1001,1001,0,15
1002,1002,0,15
1003,1003,0,18
1004,1004,0,23
1005,1005,0,22
1006,1006,0,23
1007,1007,0,23
1008,1008,0,17
1009,1009,0,9
1010,1010,0,7
1011,1011,0,11
1012,1012,0,11
1013,1013,0,16
1014,1014,0,16
1015,1015,0,10
1016,1016,0,22
1017,1017,0,19
1018,1018,0,17
1019,1019,0,11
1020,1020,0,9
1021,1021,0,14
1022,1022,0,7
1023,1023,0,4
1024,1024,0,7
1025,1025,0,6
1026,1026,0,14
1027,1027,0,11
1028,1028,0,12
1029,1029,0,12
1030,1030,0,3
1031,1031,0,6
1032,1032,0,6
1033,1033,0,7
1034,1034,0,8
1035,1035,0,14
1036,1036,0,10
1037,1037,0,5
1038,1038,0,4
1039,1039,0,-6
1040,1040,0,12
1041,1041,0,6
1042,1042,0,14
1043,1043,0,19
1044,1044,0,9
1045,1045,0,6
1046,1046,0,11
1047,1047,0,4
1048,1048,0,11
1049,1049,0,12
1050,1050,0,10
1051,1051,0,15
1052,1052,0,7
1053,1053,0,12
1054,1054,0,11
1055,1055,0,15
1056,1056,0,5
1057,1057,0,9
1058,1058,0,9
1059,1059,0,6
1060,1060,0,11
1061,1061,0,12
1062,1062,0,10
1063,1063,0,16
1064,1064,0,10
1065,1065,0,13
1066,1066,0,7
1067,1067,0,15
1068,1068,0,10
1069,1069,0,6
1070,1070,0,18
1071,1071,0,30
1072,1072,0,32
1073,1073,0,16
1074,1074,0,13
1075,1075,0,17
1076,1076,0,23
1077,1077,0,15
1078,1078,0,22
1079,1079,0,20
1080,1080,0,21
1081,1081,0,19
1082,1082,0,23
1083,1083,0,13
1084,1084,0,17
1085,1085,0,16
1086,1086,0,16
1087,1087,0,12
1088,1088,0,9
1089,1089,0,20
1090,1090,0,14
1091,1091,0,19
1092,1092,0,9
1093,1093,0,13
1094,1094,0,21
1095,1095,0,10
1096,1096,0,14
1097,1097,0,14
1098,1098,0,20
1099,1099,0,11
1100,1100,0,13
1101,1101,0,20
1102,1102,0,22
1103,1103,0,3
1104,1104,0,12
1105,1105,0,5
1106,1106,0,9
1107,1107,0,15
1108,1108,0,7
1109,1109,0,8
1110,1110,0,8
1111,1111,0,7
1112,1112,0,11
1113,1113,0,14
1114,1114,0,8
1115,1115,0,4
1116,1116,0,10
1117,1117,0,2
1118,1118,0,15
1119,1119,0,7
1120,1120,0,1
1121,1121,0,15
1122,1122,0,14
1123,1123,0,2
1124,1124,0,18
1125,1125,0,9
1126,1126,0,14
1127,1127,0,12
1128,1128,0,-2
1129,1129,0,-2
1130,1130,0,9
1131,1131,0,-1
1132,1132,0,17
1133,1133,0,17
1134,1134,0,18
1135,1135,0,10
1136,1136,0,17
1137,1137,0,7
1138,1138,0,11
1139,1139,0,15
1140,1140,0,11
1141,1141,0,12
1142,1142,0,8
1143,1143,0,15
1144,1144,0,6
1145,1145,0,10
1146,1146,0,11
1147,1147,0,14
1148,1148,0,2
1149,1149,0,2
1150,1150,0,15
1151,1151,0,13
1152,1152,0,8
1153,1153,0,6
1154,1154,0,14
1155,1155,0,19
1156,1156,0,15
1157,1157,0,14
1158,1158,0,19
1159,1159,0,22
1160,1160,0,12
1161,1161,0,11
1162,1162,0,17
1163,1163,0,16
1164,1164,0,16
1165,1165,0,16
1166,1166,0,19
1167,1167,0,22
1168,1168,0,9
1169,1169,0,9
1170,1170,0,12
1171,1171,0,9
1172,1172,0,18
1173,1173,0,18
1174,1174,0,19
1175,1175,0,15
1176,1176,0,7
1177,1177,0,18
1178,1178,0,10
1179,1179,0,13
1180,1180,0,12
1181,1181,0,15
1182,1182,0,21
1183,1183,0,26
1184,1184,0,22
1185,1185,0,20
1186,1186,0,23
1187,1187,0,12
1188,1188,0,10
1189,1189,0,4
1190,1190,0,6
1191,1191,0,8
1192,1192,0,16
1193,1193,0,12
1194,1194,0,1
1195,1195,0,3
1196,1196,0,9
1197,1197,0,9
1198,1198,0,3
1199,1199,0,5
1200,1200,0,8
1201,1201,0,14
1202,1202,0,7
1203,1203,0,-1
1204,1204,0,8
1205,1205,0,11
1206,1206,0,7
1207,1207,0,5
1208,1208,0,14
1209,1209,0,-1
1210,1210,0,7
1211,1211,0,7
1212,1212,0,0
1213,1213,0,-5
1214,1214,0,0
1215,1215,0,0
1216,1216,0,2
1217,1217,0,1
1218,1218,0,6
1219,1219,0,5
1220,1220,0,12
1221,1221,0,11
1222,1222,0,4
1223,1223,0,5
1224,1224,0,5
1225,1225,0,15
1226,1226,0,18
1227,1227,0,11
1228,1228,0,6
1229,1229,0,14
1230,1230,0,14
1231,1231,0,-2
1232,1232,0,10
1233,1233,0,8
1234,1234,0,6
1235,1235,0,13
1236,1236,0,11
1237,1237,0,19
1238,1238,0,18
1239,1239,0,18
1240,1240,0,24
1241,1241,0,21
1242,1242,0,19
1243,1243,0,8
1244,1244,0,10
1245,1245,0,16
1246,1246,0,12
1247,1247,0,19
1248,1248,0,15
1249,1249,0,12
1250,1250,0,14
1251,1251,0,23
1252,1252,0,17
1253,1253,0,16
1254,1254,0,15
1255,1255,0,9
1256,1256,0,7
1257,1257,0,14
1258,1258,0,10
1259,1259,0,10
1260,1260,0,21
1261,1261,0,11
1262,1262,0,9
1263,1263,0,10
1264,1264,0,14
1265,1265,0,14
1266,1266,0,23
1267,1267,0,15
1268,1268,0,2
1269,1269,0,13
1270,1270,0,8
1271,1271,0,17
1272,1272,0,13
1273,1273,0,4
1274,1274,0,1
1275,1275,0,12
1276,1276,0,8
1277,1277,0,13
1278,1278,0,3
1279,1279,0,13
1280,1280,0,17
1281,1281,0,12
1282,1282,0,13
1283,1283,0,9
1284,1284,0,7
1285,1285,0,14
1286,1286,0,2
1287,1287,0,7
1288,1288,0,18
1289,1289,0,14
1290,1290,0,12
1291,1291,0,15
1292,1292,0,4
1293,1293,0,5
1294,1294,0,10
1295,1295,0,8
1296,1296,0,-1
1297,1297,0,12
1298,1298,0,7
1299,1299,0,10
1300,1300,0,5
1301,1301,0,-1
1302,1302,0,16
1303,1303,0,6
1304,1304,0,11
1305,1305,0,9
1306,1306,0,6
1307,1307,0,13
1308,1308,0,6
1309,1309,0,7
1310,1310,0,18
1311,1311,0,15
1312,1312,0,19
1313,1313,0,7
1314,1314,0,14
1315,1315,0,16
1316,1316,0,16
1317,1317,0,22
1318,1318,0,13
1319,1319,0,14
1320,1320,0,20
1321,1321,0,28
1322,1322,0,33
1323,1323,0,29
1324,1324,0,24
1325,1325,0,21
1326,1326,0,28
1327,1327,0,23
1328,1328,0,22
1329,1329,0,24
1330,1330,0,19
1331,1331,0,23
1332,1332,0,24
1333,1333,0,12
1334,1334,0,12
1335,1335,0,16
1336,1336,0,17
1337,1337,0,22
1338,1338,0,13
1339,1339,0,21
1340,1340,0,15
1341,1341,0,13
1342,1342,0,12
1343,1343,0,11
1344,1344,0,10
1345,1345,0,17
1346,1346,0,15
1347,1347,0,8
1348,1348,0,6
1349,1349,0,4
1350,1350,0,14
1351,1351,0,7
1352,1352,0,8
1353,1353,0,13
1354,1354,0,15
1355,1355,0,8
1356,1356,0,17
1357,1357,0,8
1358,1358,0,3
1359,1359,0,8
1360,1360,0,4
1361,1361,0,-3
1362,1362,0,19
1363,1363,0,12
1364,1364,0,0
1365,1365,0,2
1366,1366,0,5
1367,1367,0,13
1368,1368,0,8
1369,1369,0,14
1370,1370,0,11
1371,1371,0,11
1372,1372,0,10
1373,1373,0,7
1374,1374,0,9
1375,1375,0,7
1376,1376,0,12
1377,1377,0,6
1378,1378,0,6
1379,1379,0,1
1380,1380,0,5
1381,1381,0,8
1382,1382,0,13
1383,1383,0,1
1384,1384,0,8
1385,1385,0,16
1386,1386,0,8
1387,1387,0,19
1388,1388,0,18
1389,1389,0,8
1390,1390,0,4
1391,1391,0,14
1392,1392,0,10
1393,1393,0,14
1394,1394,0,8
1395,1395,0,22
1396,1396,0,23
1397,1397,0,20
1398,1398,0,20
1399,1399,0,15
1400,1400,0,9
1401,1401,0,14
1402,1402,0,20
1403,1403,0,15
1404,1404,0,20
1405,1405,0,9
1406,1406,0,16
1407,1407,0,13
1408,1408,0,10
1409,1409,0,13
1410,1410,0,24
1411,1411,0,19
1412,1412,0,13
1413,1413,0,12
1414,1414,0,18
1415,1415,0,20
1416,1416,0,18
1417,1417,0,15
1418,1418,0,15
1419,1419,0,17
1420,1420,0,15
1421,1421,0,14
1422,1422,0,12
1423,1423,0,18
1424,1424,0,10
1425,1425,0,14
1426,1426,0,7
1427,1427,0,14
1428,1428,0,25
1429,1429,0,14
1430,1430,0,3
1431,1431,0,-4
1432,1432,0,4
1433,1433,0,14
1434,1434,0,11
1435,1435,0,6
1436,1436,0,2
1437,1437,0,11
1438,1438,0,8
1439,1439,0,4
1440,1440,0,10
1441,1441,0,0
1442,1442,0,5
1443,1443,0,5
1444,1444,0,7
1445,1445,0,18
1446,1446,0,3
1447,1447,0,16
1448,1448,0,11
1449,1449,0,-1
1450,1450,0,7
1451,1451,0,9
1452,1452,0,11
1453,1453,0,8
1454,1454,0,5
1455,1455,0,8
1456,1456,0,2
1457,1457,0,-1
1458,1458,0,3
1459,1459,0,7
1460,1460,0,17
1461,1461,0,2
1462,1462,0,12
1463,1463,0,5
1464,1464,0,12
1465,1465,0,7
1466,1466,0,12
1467,1467,0,9
1468,1468,0,10
1469,1469,0,11
1470,1470,0,10
1471,1471,0,13
1472,1472,0,6
1473,1473,0,15
1474,1474,0,16
1475,1475,0,18
1476,1476,0,21
1477,1477,0,24
1478,1478,0,19
1479,1479,0,18
1480,1480,0,27
1481,1481,0,14
1482,1482,0,17
1483,1483,0,19
1484,1484,0,17
1485,1485,0,23
1486,1486,0,17
1487,1487,0,18
1488,1488,0,14
1489,1489,0,10
1490,1490,0,13
1491,1491,0,11
1492,1492,0,27
1493,1493,0,22
1494,1494,0,20
1495,1495,0,16
1496,1496,0,12
1497,1497,0,16
1498,1498,0,11
1499,1499,0,15
1500,1500,0,11
1501,1501,0,11
1502,1502,0,15
1503,1503,0,8
1504,1504,0,14
1505,1505,0,11
1506,1506,0,16
1507,1507,0,17
1508,1508,0,15
1509,1509,0,15
1510,1510,0,14
1511,1511,0,16
1512,1512,0,8
1513,1513,0,3
1514,1514,0,20
1515,1515,0,21
1516,1516,0,12
1517,1517,0,10
1518,1518,0,9
1519,1519,0,10
1520,1520,0,-1
1521,1521,0,2
1522,1522,0,1
1523,1523,0,-2
1524,1524,0,5
1525,1525,0,10
1526,1526,0,12
1527,1527,0,15
1528,1528,0,9
1529,1529,0,11
1530,1530,0,3
1531,1531,0,0
1532,1532,0,8
1533,1533,0,9
1534,1534,0,10
1535,1535,0,8
1536,1536,0,4
1537,1537,0,7
1538,1538,0,5
1539,1539,0,6
1540,1540,0,11
1541,1541,0,-2
1542,1542,0,8
1543,1543,0,13
1544,1544,0,13
1545,1545,0,2
1546,1546,0,18
1547,1547,0,12
1548,1548,0,3
1549,1549,0,10
1550,1550,0,7
1551,1551,0,8
1552,1552,0,8
1553,1553,0,16
1554,1554,0,9
1555,1555,0,4
1556,1556,0,9
1557,1557,0,19
1558,1558,0,16
1559,1559,0,14
1560,1560,0,23
1561,1561,0,13
1562,1562,0,16
1563,1563,0,16
1564,1564,0,22
1565,1565,0,21
1566,1566,0,11
1567,1567,0,12
1568,1568,0,15
1569,1569,0,32
1570,1570,0,17
1571,1571,0,9
1572,1572,0,19
1573,1573,0,11
1574,1574,0,12
1575,1575,0,13
1576,1576,0,12
1577,1577,0,12
1578,1578,0,11
1579,1579,0,10
1580,1580,0,9
1581,1581,0,20
1582,1582,0,16
1583,1583,0,16
1584,1584,0,14
1585,1585,0,17
1586,1586,0,17
1587,1587,0,11
1588,1588,0,22
1589,1589,0,12
1590,1590,0,18
1591,1591,0,9
1592,1592,0,6
1593,1593,0,2
1594,1594,0,8
1595,1595,0,4
1596,1596,0,14
1597,1597,0,7
1598,1598,0,8
1599,1599,0,7
1600,1600,0,13
1601,1601,0,2
1602,1602,0,4
1603,1603,0,6
1604,1604,0,-3
1605,1605,0,9
1606,1606,0,11
1607,1607,0,17
1608,1608,0,16
1609,1609,0,10
1610,1610,0,3
1611,1611,0,12
1612,1612,0,4
1613,1613,0,-1
1614,1614,0,-1
1615,1615,0,-1
1616,1616,0,-4
1617,1617,0,2
1618,1618,0,8
1619,1619,0,5
1620,1620,0,6
1621,1621,0,6
1622,1622,0,12
1623,1623,0,6
1624,1624,0,7
1625,1625,0,10
1626,1626,0,8
1627,1627,0,14
1628,1628,0,13
1629,1629,0,14
1630,1630,0,14
1631,1631,0,14
1632,1632,0,13
1633,1633,0,17
1634,1634,0,12
1635,1635,0,16
1636,1636,0,18
1637,1637,0,21
1638,1638,0,18
1639,1639,0,14
1640,1640,0,15
1641,1641,0,17
1642,1642,0,16
1643,1643,0,19
1644,1644,0,20
1645,1645,0,10
1646,1646,0,12
1647,1647,0,17
1648,1648,0,12
1649,1649,0,16
1650,1650,0,15
1651,1651,0,19
1652,1652,0,18
1653,1653,0,21
1654,1654,0,15
1655,1655,0,3
1656,1656,0,12
1657,1657,0,4
1658,1658,0,17
1659,1659,0,12
1660,1660,0,9
1661,1661,0,6
1662,1662,0,13
1663,1663,0,14
1664,1664,0,16
1665,1665,0,2
1666,1666,0,8
1667,1667,0,4
1668,1668,0,12
1669,1669,0,6
1670,1670,0,14
1671,1671,0,12
1672,1672,0,15
1673,1673,0,30
1674,1674,0,13
1675,1675,0,18
1676,1676,0,6
1677,1677,0,11
1678,1678,0,2
1679,1679,0,13
1680,1680,0,14
1681,1681,0,21
1682,1682,0,12
1683,1683,0,11
1684,1684,0,16
1685,1685,0,9
1686,1686,0,8
1687,1687,0,2
1688,1688,0,6
1689,1689,0,8
1690,1690,0,14
1691,1691,0,16
1692,1692,0,17
1693,1693,0,13
1694,1694,0,15
1695,1695,0,15
1696,1696,0,14
1697,1697,0,-2
1698,1698,0,1
1699,1699,0,5
1700,1700,0,11
1701,1701,0,13
1702,1702,0,15
1703,1703,0,-1
1704,1704,0,9
1705,1705,0,8
1706,1706,0,19
1707,1707,0,15
1708,1708,0,9
1709,1709,0,6
1710,1710,0,7
1711,1711,0,17
1712,1712,0,19
1713,1713,0,14
1714,1714,0,11
1715,1715,0,19
1716,1716,0,15
1717,1717,0,7
1718,1718,0,13
1719,1719,0,19
1720,1720,0,17
1721,1721,0,6
1722,1722,0,17
1723,1723,0,11
1724,1724,0,18
1725,1725,0,13
1726,1726,0,21
1727,1727,0,19
1728,1728,0,9
1729,1729,0,13
1730,1730,0,26
1731,1731,0,18
1732,1732,0,23
1733,1733,0,22
1734,1734,0,22
1735,1735,0,18
1736,1736,0,11
1737,1737,0,21
1738,1738,0,12
1739,1739,0,16
1740,1740,0,5
1741,1741,0,14
1742,1742,0,11
1743,1743,0,10
1744,1744,0,10
1745,1745,0,4
1746,1746,0,15
1747,1747,0,5
1748,1748,0,6
1749,1749,0,15
1750,1750,0,22
1751,1751,0,19
1752,1752,0,9
1753,1753,0,3
1754,1754,0,6
1755,1755,0,6
1756,1756,0,6
1757,1757,0,17
1758,1758,0,10
1759,1759,0,11
1760,1760,0,19
1761,1761,0,25
1762,1762,0,15
1763,1763,0,9
1764,1764,0,8
1765,1765,0,4
1766,1766,0,6
1767,1767,0,-4
1768,1768,0,-2
1769,1769,0,6
1770,1770,0,6
1771,1771,0,23
1772,1772,0,5
1773,1773,0,8
1774,1774,0,8
1775,1775,0,11
1776,1776,0,14
1777,1777,0,14
1778,1778,0,14
1779,1779,0,4
1780,1780,0,5
1781,1781,0,11
1782,1782,0,11
1783,1783,0,10
1784,1784,0,8
1785,1785,0,8
1786,1786,0,9
1787,1787,0,19
1788,1788,0,19
1789,1789,0,11
1790,1790,0,11
1791,1791,0,10
1792,1792,0,4
1793,1793,0,6
1794,1794,0,22
1795,1795,0,21
1796,1796,0,15
1797,1797,0,14
1798,1798,0,18
1799,1799,0,14
1800,1800,0,10
1801,1801,0,15
1802,1802,0,15
1803,1803,0,14
1804,1804,0,3
1805,1805,0,12
1806,1806,0,16
1807,1807,0,20
1808,1808,0,9
1809,1809,0,17
1810,1810,0,16
1811,1811,0,21
1812,1812,0,17
1813,1813,0,14
1814,1814,0,19
1815,1815,0,16
1816,1816,0,16
1817,1817,0,15
1818,1818,0,17
1819,1819,0,10
1820,1820,0,14
1821,1821,0,9
1822,1822,0,9
1823,1823,0,8
1824,1824,0,13
1825,1825,0,10
1826,1826,0,13
1827,1827,0,12
1828,1828,0,15
1829,1829,0,10
1830,1830,0,14
1831,1831,0,15
1832,1832,0,10
1833,1833,0,5
1834,1834,0,-1
1835,1835,0,-1
1836,1836,0,16
1837,1837,0,11
1838,1838,0,18
1839,1839,0,18
1840,1840,0,14
1841,1841,0,20
1842,1842,0,4
1843,1843,0,16
1844,1844,0,9
1845,1845,0,7
1846,1846,0,9
1847,1847,0,16
1848,1848,0,29
1849,1849,0,22
1850,1850,0,16
1851,1851,0,11
1852,1852,0,7
1853,1853,0,3
1854,1854,0,12
1855,1855,0,11
1856,1856,0,14
1857,1857,0,5
1858,1858,0,16
1859,1859,0,9
1860,1860,0,-3
1861,1861,0,8
1862,1862,0,11
1863,1863,0,12
1864,1864,0,5
1865,1865,0,8
1866,1866,0,14
1867,1867,0,12
1868,1868,0,21
1869,1869,0,21
1870,1870,0,15
1871,1871,0,17
1872,1872,0,14
1873,1873,0,14
1874,1874,0,20
1875,1875,0,16
1876,1876,0,24
1877,1877,0,22
1878,1878,0,11
1879,1879,0,11
1880,1880,0,25
1881,1881,0,16
1882,1882,0,17
1883,1883,0,13
1884,1884,0,13
1885,1885,0,16
1886,1886,0,18
1887,1887,0,17
1888,1888,0,23
1889,1889,0,9
1890,1890,0,14
1891,1891,0,21
1892,1892,0,20
1893,1893,0,16
1894,1894,0,14
1895,1895,0,11
1896,1896,0,19
1897,1897,0,14
1898,1898,0,13
1899,1899,0,21
1900,1900,0,15
1901,1901,0,20
1902,1902,0,11
1903,1903,0,9
1904,1904,0,11
1905,1905,0,11
1906,1906,0,18
1907,1907,0,15
1908,1908,0,12
1909,1909,0,11
1910,1910,0,20
1911,1911,0,25
1912,1912,0,15
1913,1913,0,14
1914,1914,0,8
1915,1915,0,11
1916,1916,0,5
1917,1917,0,9
1918,1918,0,6
1919,1919,0,10
1920,1920,0,5
1921,1921,0,11
1922,1922,0,3
1923,1923,0,11
1924,1924,0,8
1925,1925,0,8
1926,1926,0,14
1927,1927,0,12
1928,1928,0,14
1929,1929,0,13
1930,1930,0,0
1931,1931,0,10
1932,1932,0,4
1933,1933,0,3
1934,1934,0,1
1935,1935,0,1
1936,1936,0,8
1937,1937,0,4
1938,1938,0,10
1939,1939,0,10
1940,1940,0,1
1941,1941,0,12
1942,1942,0,5
1943,1943,0,1
1944,1944,0,5
1945,1945,0,12
1946,1946,0,3
1947,1947,0,13
1948,1948,0,22
1949,1949,0,18
1950,1950,0,20
1951,1951,0,6
1952,1952,0,4
1953,1953,0,10
1954,1954,0,18
1955,1955,0,17
1956,1956,0,15
1957,1957,0,12
1958,1958,0,10
1959,1959,0,9
1960,1960,0,14
1961,1961,0,24
1962,1962,0,21
1963,1963,0,19
1964,1964,0,23
1965,1965,0,19
1966,1966,0,10
1967,1967,0,19
1968,1968,0,13
1969,1969,0,21
1970,1970,0,19
1971,1971,0,12
1972,1972,0,17
1973,1973,0,16
1974,1974,0,17
1975,1975,0,19
1976,1976,0,19
1977,1977,0,12
1978,1978,0,8
1979,1979,0,18
1980,1980,0,19
1981,1981,0,14
1982,1982,0,6
1983,1983,0,12
1984,1984,0,10
1985,1985,0,9
1986,1986,0,13
1987,1987,0,15
1988,1988,0,9
1989,1989,0,22
1990,1990,0,5
1991,1991,0,5
1992,1992,0,10
1993,1993,0,4
1994,1994,0,13
1995,1995,0,13
1996,1996,0,3
1997,1997,0,11
1998,1998,0,13
1999,1999,0,12
2000,2000,0,5
2001,2001,0,4
2002,2002,0,-4
2003,2003,0,15
2004,2004,0,8
2005,2005,0,8
2006,2006,0,2
2007,2007,0,7
2008,2008,0,2
2009,2009,0,5
2010,2010,0,21
2011,2011,0,8
2012,2012,0,6
2013,2013,0,16
2014,2014,0,3
2015,2015,0,4
2016,2016,0,7
2017,2017,0,13
2018,2018,0,12
2019,2019,0,3
2020,2020,0,11
2021,2021,0,2
2022,2022,0,12
2023,2023,0,6
2024,2024,0,10
2025,2025,0,8
2026,2026,0,9
2027,2027,0,18
2028,2028,0,17
2029,2029,0,17
2030,2030,0,10
2031,2031,0,11
2032,2032,0,23
2033,2033,0,16
2034,2034,0,22
2035,2035,0,16
2036,2036,0,17
2037,2037,0,21
2038,2038,0,15
2039,2039,0,17
2040,2040,0,10
2041,2041,0,11
2042,2042,0,15
2043,2043,0,23
2044,2044,0,19
2045,2045,0,23
2046,2046,0,19
2047,2047,0,24
2048,2048,0,22
2049,2049,0,24
2050,2050,0,30
2051,2051,0,15
2052,2052,0,21
2053,2053,0,21
2054,2054,0,10
2055,2055,0,19
2056,2056,0,8
2057,2057,0,15
2058,2058,0,12
2059,2059,0,12
2060,2060,0,14
2061,2061,0,12
2062,2062,0,19
2063,2063,0,10
2064,2064,0,21
2065,2065,0,14
2066,2066,0,13
2067,2067,0,23
2068,2068,0,27
2069,2069,0,19
2070,2070,0,12
2071,2071,0,12
2072,2072,0,19
2073,2073,0,13
2074,2074,0,7
2075,2075,0,12
2076,2076,0,20
2077,2077,0,6
2078,2078,0,8
2079,2079,0,5
2080,2080,0,5
2081,2081,0,12
2082,2082,0,8
2083,2083,0,13
2084,2084,0,10
2085,2085,0,13
2086,2086,0,4
2087,2087,0,3
2088,2088,0,3
2089,2089,0,8
2090,2090,0,6
2091,2091,0,9
2092,2092,0,13
2093,2093,0,12
2094,2094,0,18
2095,2095,0,13
2096,2096,0,13
2097,2097,0,9
2098,2098,0,19
2099,2099,0,13
2100,2100,0,17
2101,2101,0,10
2102,2102,0,4
2103,2103,0,12
2104,2104,0,14
2105,2105,0,15
2106,2106,0,8
2107,2107,0,12
2108,2108,0,17
2109,2109,0,7
2110,2110,0,3
2111,2111,0,22
2112,2112,0,8
2113,2113,0,8
2114,2114,0,15
2115,2115,0,15
2116,2116,0,13
2117,2117,0,7
2118,2118,0,14
2119,2119,0,15
2120,2120,0,16
2121,2121,0,20
2122,2122,0,22
2123,2123,0,18
2124,2124,0,16
2125,2125,0,14
2126,2126,0,16
2127,2127,0,15
2128,2128,0,19
2129,2129,0,11
2130,2130,0,16
2131,2131,0,12
2132,2132,0,15
2133,2133,0,21
2134,2134,0,13
2135,2135,0,18
2136,2136,0,15
2137,2137,0,18
2138,2138,0,12
2139,2139,0,14
2140,2140,0,12
2141,2141,0,16
2142,2142,0,9
2143,2143,0,9
2144,2144,0,15
2145,2145,0,20
2146,2146,0,21
2147,2147,0,16
2148,2148,0,22
2149,2149,0,22
2150,2150,0,15
2151,2151,0,12
2152,2152,0,8
2153,2153,0,9
2154,2154,0,16
2155,2155,0,3
2156,2156,0,15
2157,2157,0,11
2158,2158,0,3
2159,2159,0,5
2160,2160,0,4
2161,2161,0,6
2162,2162,0,6
2163,2163,0,15
2164,2164,0,1
2165,2165,0,14
2166,2166,0,7
2167,2167,0,8
2168,2168,0,17
2169,2169,0,21
2170,2170,0,19
2171,2171,0,16
2172,2172,0,4
2173,2173,0,-1
2174,2174,0,4
2175,2175,0,7
2176,2176,0,4
2177,2177,0,12
2178,2178,0,17
2179,2179,0,15
2180,2180,0,17
2181,2181,0,10
2182,2182,0,17
2183,2183,0,10
2184,2184,0,8
2185,2185,0,8
2186,2186,0,3
2187,2187,0,9
2188,2188,0,11
2189,2189,0,13
2190,2190,0,19
2191,2191,0,7
2192,2192,0,15
2193,2193,0,18
2194,2194,0,14
2195,2195,0,22
2196,2196,0,20
2197,2197,0,16
2198,2198,0,25
2199,2199,0,17
2200,2200,0,17
2201,2201,0,14
2202,2202,0,14
2203,2203,0,17
2204,2204,0,13
2205,2205,0,18
2206,2206,0,18
2207,2207,0,13
2208,2208,0,19
2209,2209,0,15
2210,2210,0,14
2211,2211,0,15
2212,2212,0,8
2213,2213,0,14
2214,2214,0,23
2215,2215,0,23
2216,2216,0,23
2217,2217,0,24
2218,2218,0,14
2219,2219,0,10
2220,2220,0,15
2221,2221,0,14
2222,2222,0,15
2223,2223,0,9
2224,2224,0,21
2225,2225,0,14
2226,2226,0,17
2227,2227,0,25
2228,2228,0,4
2229,2229,0,17
2230,2230,0,16
2231,2231,0,16
2232,2232,0,13
2233,2233,0,8
2234,2234,0,14
2235,2235,0,8
2236,2236,0,15
2237,2237,0,13
2238,2238,0,6
2239,2239,0,0
2240,2240,0,7
2241,2241,0,12
2242,2242,0,1
2243,2243,0,5
2244,2244,0,2
2245,2245,0,17
2246,2246,0,8
2247,2247,0,9
2248,2248,0,10
2249,2249,0,9
2250,2250,0,7
2251,2251,0,11
2252,2252,0,5
2253,2253,0,2
2254,2254,0,5
2255,2255,0,0
2256,2256,0,6
2257,2257,0,0
2258,2258,0,3
2259,2259,0,15
2260,2260,0,18
2261,2261,0,3
2262,2262,0,9
2263,2263,0,12
2264,2264,0,9
2265,2265,0,8
2266,2266,0,17
2267,2267,0,13
2268,2268,0,11
2269,2269,0,7
2270,2270,0,13
2271,2271,0,8
2272,2272,0,12
2273,2273,0,6
2274,2274,0,15
2275,2275,0,19
2276,2276,0,17
2277,2277,0,12
2278,2278,0,13
2279,2279,0,15
2280,2280,0,14
2281,2281,0,25
2282,2282,0,10
2283,2283,0,15
2284,2284,0,10
2285,2285,0,13
2286,2286,0,14
2287,2287,0,14
2288,2288,0,10
2289,2289,0,11
2290,2290,0,15
2291,2291,0,21
2292,2292,0,13
2293,2293,0,30
2294,2294,0,9
2295,2295,0,19
2296,2296,0,14
2297,2297,0,17
2298,2298,0,16
2299,2299,0,14
2300,2300,0,6
2301,2301,0,17
2302,2302,0,15
2303,2303,0,10
2304,2304,0,12
2305,2305,0,2
2306,2306,0,17
2307,2307,0,13
2308,2308,0,16
2309,2309,0,9
2310,2310,0,19
2311,2311,0,2
2312,2312,0,12
2313,2313,0,11
2314,2314,0,8
2315,2315,0,2
2316,2316,0,9
2317,2317,0,14
2318,2318,0,10
2319,2319,0,8
2320,2320,0,4
2321,2321,0,-2
2322,2322,0,5
2323,2323,0,19
2324,2324,0,11
2325,2325,0,5
2326,2326,0,10
2327,2327,0,10
2328,2328,0,7
2329,2329,0,1
2330,2330,0,7
2331,2331,0,12
2332,2332,0,10
2333,2333,0,12
2334,2334,0,15
2335,2335,0,12
2336,2336,0,0
2337,2337,0,6
2338,2338,0,8
2339,2339,0,1
2340,2340,0,10
2341,2341,0,11
2342,2342,0,11
2343,2343,0,12
2344,2344,0,11
2345,2345,0,12
2346,2346,0,19
2347,2347,0,16
2348,2348,0,8
2349,2349,0,7
2350,2350,0,13
2351,2351,0,16
2352,2352,0,17
2353,2353,0,15
2354,2354,0,11
2355,2355,0,7
2356,2356,0,9
2357,2357,0,14
2358,2358,0,9
2359,2359,0,17
2360,2360,0,15
2361,2361,0,15
2362,2362,0,19
2363,2363,0,11
2364,2364,0,19
2365,2365,0,20
2366,2366,0,18
2367,2367,0,13
2368,2368,0,23
2369,2369,0,21
2370,2370,0,18
2371,2371,0,18
2372,2372,0,22
2373,2373,0,17
2374,2374,0,12
2375,2375,0,11
2376,2376,0,12
2377,2377,0,17
2378,2378,0,12
2379,2379,0,14
2380,2380,0,16
2381,2381,0,8
2382,2382,0,13
2383,2383,0,15
2384,2384,0,18
2385,2385,0,19
2386,2386,0,7
2387,2387,0,15
2388,2388,0,12
2389,2389,0,15
2390,2390,0,12
2391,2391,0,16
2392,2392,0,14
2393,2393,0,10
2394,2394,0,-7
2395,2395,0,10
2396,2396,0,11
2397,2397,0,11
2398,2398,0,13
2399,2399,0,12
2400,2400,0,10
2401,2401,0,10
2402,2402,0,10
2403,2403,0,14
2404,2404,0,11
2405,2405,0,14
2406,2406,0,11
2407,2407,0,6
2408,2408,0,11
2409,2409,0,6
2410,2410,0,10
2411,2411,0,8
2412,2412,0,12
2413,2413,0,11
2414,2414,0,8
2415,2415,0,9
2416,2416,0,8
2417,2417,0,13
2418,2418,0,8
2419,2419,0,4
2420,2420,0,2
2421,2421,0,10
2422,2422,0,0
2423,2423,0,10
2424,2424,0,18
2425,2425,0,16
2426,2426,0,13
2427,2427,0,9
2428,2428,0,17
2429,2429,0,12
2430,2430,0,11
2431,2431,0,23
2432,2432,0,17
2433,2433,0,20
2434,2434,0,19
2435,2435,0,6
2436,2436,0,15
2437,2437,0,3
2438,2438,0,9
2439,2439,0,21
2440,2440,0,13
2441,2441,0,11
2442,2442,0,17
2443,2443,0,8
2444,2444,0,7
2445,2445,0,12
2446,2446,0,20
2447,2447,0,14
2448,2448,0,21
2449,2449,0,26
2450,2450,0,28
2451,2451,0,24
2452,2452,0,19
2453,2453,0,6
2454,2454,0,19
2455,2455,0,29
2456,2456,0,21
2457,2457,0,21
2458,2458,0,10
2459,2459,0,20
2460,2460,0,14
2461,2461,0,11
2462,2462,0,11
2463,2463,0,6
2464,2464,0,10
2465,2465,0,15
2466,2466,0,12
2467,2467,0,17
2468,2468,0,16
2469,2469,0,20
2470,2470,0,17
2471,2471,0,12
2472,2472,0,9
2473,2473,0,10
2474,2474,0,4
2475,2475,0,15
2476,2476,0,8
2477,2477,0,14
2478,2478,0,12
2479,2479,0,6
2480,2480,0,7
2481,2481,0,8
2482,2482,0,12
2483,2483,0,12
2484,2484,0,16
2485,2485,0,5
2486,2486,0,15
2487,2487,0,15
2488,2488,0,8
2489,2489,0,15
2490,2490,0,9
2491,2491,0,1
2492,2492,0,2
2493,2493,0,9
2494,2494,0,11
2495,2495,0,11
2496,2496,0,2
2497,2497,0,13
2498,2498,0,7
2499,2499,0,3
2500,2500,0,7
2501,2501,0,6
2502,2502,0,9
2503,2503,0,15
2504,2504,0,16
2505,2505,0,24
2506,2506,0,18
2507,2507,0,16
2508,2508,0,23
2509,2509,0,25
2510,2510,0,8
2511,2511,0,15
2512,2512,0,18
2513,2513,0,12
2514,2514,0,13
2515,2515,0,15
2516,2516,0,21
2517,2517,0,24
2518,2518,0,17
2519,2519,0,12
2520,2520,0,17
2521,2521,0,15
2522,2522,0,16
2523,2523,0,21
2524,2524,0,14
2525,2525,0,15
2526,2526,0,17
2527,2527,0,17
2528,2528,0,13
2529,2529,0,9
2530,2530,0,20
2531,2531,0,17
2532,2532,0,17
2533,2533,0,16
2534,2534,0,15
2535,2535,0,15
2536,2536,0,21
2537,2537,0,16
2538,2538,0,15
2539,2539,0,14
2540,2540,0,20
2541,2541,0,14
2542,2542,0,9
2543,2543,0,7
2544,2544,0,12
2545,2545,0,15
2546,2546,0,20
2547,2547,0,8
2548,2548,0,11
2549,2549,0,5
2550,2550,0,7
2551,2551,0,5
2552,2552,0,19
2553,2553,0,13
2554,2554,0,18
2555,2555,0,7
2556,2556,0,5
2557,2557,0,1
2558,2558,0,12
2559,2559,0,16
2560,2560,0,7
2561,2561,0,10
2562,2562,0,12
2563,2563,0,6
2564,2564,0,3
2565,2565,0,6
2566,2566,0,9
2567,2567,0,7
2568,2568,0,14
2569,2569,0,18
2570,2570,0,8
2571,2571,0,14
2572,2572,0,13
2573,2573,0,9
2574,2574,0,15
2575,2575,0,17
2576,2576,0,18
2577,2577,0,8
2578,2578,0,10
2579,2579,0,5
2580,2580,0,15
2581,2581,0,16
2582,2582,0,9
2583,2583,0,3
2584,2584,0,13
2585,2585,0,20
2586,2586,0,18
2587,2587,0,19
2588,2588,0,15
2589,2589,0,12
2590,2590,0,20
2591,2591,0,9
2592,2592,0,7
2593,2593,0,11
2594,2594,0,19
2595,2595,0,18
2596,2596,0,17
2597,2597,0,11
2598,2598,0,15
2599,2599,0,13
2600,2600,0,22
2601,2601,0,12
2602,2602,0,13
2603,2603,0,17
2604,2604,0,14
2605,2605,0,3
2606,2606,0,16
2607,2607,0,14
2608,2608,0,13
2609,2609,0,18
2610,2610,0,21
2611,2611,0,15
2612,2612,0,18
2613,2613,0,15
2614,2614,0,20
2615,2615,0,17
2616,2616,0,25
2617,2617,0,18
2618,2618,0,9
2619,2619,0,12
2620,2620,0,11
2621,2621,0,21
2622,2622,0,28
2623,2623,0,13
2624,2624,0,9
2625,2625,0,10
2626,2626,0,17
2627,2627,0,6
2628,2628,0,11
2629,2629,0,8
2630,2630,0,16
2631,2631,0,6
2632,2632,0,12
2633,2633,0,20
2634,2634,0,14
2635,2635,0,19
2636,2636,0,21
2637,2637,0,9
2638,2638,0,12
2639,2639,0,10
2640,2640,0,17
2641,2641,0,5
2642,2642,0,6
2643,2643,0,0
2644,2644,0,8
2645,2645,0,13
2646,2646,0,13
2647,2647,0,17
2648,2648,0,5
2649,2649,0,10
2650,2650,0,6
2651,2651,0,11
2652,2652,0,5
2653,2653,0,5
2654,2654,0,15
2655,2655,0,9
2656,2656,0,16
2657,2657,0,7
2658,2658,0,14
2659,2659,0,7
2660,2660,0,6
2661,2661,0,13
2662,2662,0,3
2663,2663,0,10
2664,2664,0,16
2665,2665,0,8
2666,2666,0,8
2667,2667,0,17
2668,2668,0,13
2669,2669,0,11
2670,2670,0,10
2671,2671,0,17
2672,2672,0,7
2673,2673,0,9
2674,2674,0,18
2675,2675,0,20
2676,2676,0,21
2677,2677,0,13
2678,2678,0,13
2679,2679,0,12
2680,2680,0,14
2681,2681,0,20
2682,2682,0,21
2683,2683,0,13
2684,2684,0,21
2685,2685,0,14
2686,2686,0,19
2687,2687,0,13
2688,2688,0,8
2689,2689,0,7
2690,2690,0,18
2691,2691,0,16
2692,2692,0,8
2693,2693,0,12
2694,2694,0,12
2695,2695,0,14
2696,2696,0,14
2697,2697,0,10
2698,2698,0,13
2699,2699,0,15
2700,2700,0,15
2701,2701,0,15
2702,2702,0,19
2703,2703,0,15
2704,2704,0,20
2705,2705,0,11
2706,2706,0,6
2707,2707,0,14
2708,2708,0,12
2709,2709,0,14
2710,2710,0,15
2711,2711,0,10
2712,2712,0,21
2713,2713,0,7
2714,2714,0,14
2715,2715,0,8
2716,2716,0,11
2717,2717,0,4
2718,2718,0,-5
2719,2719,0,1
2720,2720,0,10
2721,2721,0,15
2722,2722,0,20
2723,2723,0,7
2724,2724,0,15
2725,2725,0,1
2726,2726,0,4
2727,2727,0,5
2728,2728,0,6
2729,2729,0,14
2730,2730,0,12
2731,2731,0,14
2732,2732,0,6
2733,2733,0,7
2734,2734,0,5
2735,2735,0,9
2736,2736,0,17
2737,2737,0,17
2738,2738,0,14
2739,2739,0,9
2740,2740,0,8
2741,2741,0,9
2742,2742,0,17
2743,2743,0,15
2744,2744,0,16
2745,2745,0,7
2746,2746,0,17
2747,2747,0,0
2748,2748,0,7
2749,2749,0,20
2750,2750,0,9
2751,2751,0,19
2752,2752,0,8
2753,2753,0,13
2754,2754,0,14
2755,2755,0,21
2756,2756,0,18
2757,2757,0,14
2758,2758,0,13
2759,2759,0,7
2760,2760,0,12
2761,2761,0,9
2762,2762,0,20
2763,2763,0,9
2764,2764,0,14
2765,2765,0,16
2766,2766,0,9
2767,2767,0,14
2768,2768,0,19
2769,2769,0,18
2770,2770,0,8
2771,2771,0,16
2772,2772,0,18
2773,2773,0,9
2774,2774,0,14
2775,2775,0,13
2776,2776,0,9
2777,2777,0,9
2778,2778,0,8
2779,2779,0,8
2780,2780,0,16
2781,2781,0,14
2782,2782,0,17
2783,2783,0,19
2784,2784,0,13
2785,2785,0,16
2786,2786,0,9
2787,2787,0,15
2788,2788,0,19
2789,2789,0,17
2790,2790,0,19
2791,2791,0,11
2792,2792,0,6
2793,2793,0,10
2794,2794,0,9
2795,2795,0,8
2796,2796,0,12
2797,2797,0,8
2798,2798,0,1
2799,2799,0,7
2800,2800,0,17
2801,2801,0,15
2802,2802,0,16
2803,2803,0,7
2804,2804,0,19
2805,2805,0,10
2806,2806,0,3
2807,2807,0,8
2808,2808,0,9
2809,2809,0,5
2810,2810,0,12
2811,2811,0,14
2812,2812,0,10
2813,2813,0,15
2814,2814,0,13
2815,2815,0,18
2816,2816,0,12
2817,2817,0,13
2818,2818,0,17
2819,2819,0,11
2820,2820,0,10
2821,2821,0,0
2822,2822,0,7
2823,2823,0,6
2824,2824,0,9
2825,2825,0,8
2826,2826,0,8
2827,2827,0,20
2828,2828,0,12
2829,2829,0,20
2830,2830,0,11
2831,2831,0,16
2832,2832,0,18
2833,2833,0,11
2834,2834,0,13
2835,2835,0,12
2836,2836,0,12
2837,2837,0,14
2838,2838,0,7
2839,2839,0,18
2840,2840,0,24
2841,2841,0,16
2842,2842,0,21
2843,2843,0,18
2844,2844,0,18
2845,2845,0,12
2846,2846,0,15
2847,2847,0,12
2848,2848,0,9
2849,2849,0,9
2850,2850,0,16
2851,2851,0,10
2852,2852,0,15
2853,2853,0,22
2854,2854,0,8
2855,2855,0,22
2856,2856,0,13
2857,2857,0,18
2858,2858,0,22
2859,2859,0,14
2860,2860,0,20
2861,2861,0,12
2862,2862,0,17
2863,2863,0,6
2864,2864,0,12
2865,2865,0,14
2866,2866,0,8
2867,2867,0,11
2868,2868,0,17
2869,2869,0,14
2870,2870,0,18
2871,2871,0,8
2872,2872,0,15
2873,2873,0,17
2874,2874,0,9
2875,2875,0,5
2876,2876,0,8
2877,2877,0,6
2878,2878,0,20
2879,2879,0,20
2880,2880,0,14
2881,2881,0,4
2882,2882,0,14
2883,2883,0,7
2884,2884,0,2
2885,2885,0,7
2886,2886,0,12
2887,2887,0,10
2888,2888,0,9
2889,2889,0,6
2890,2890,0,14
2891,2891,0,7
2892,2892,0,10
2893,2893,0,16
2894,2894,0,6
2895,2895,0,4
2896,2896,0,6
2897,2897,0,9
2898,2898,0,5
2899,2899,0,7
2900,2900,0,16
2901,2901,0,16
2902,2902,0,7
2903,2903,0,11
2904,2904,0,14
2905,2905,0,6
2906,2906,0,15
2907,2907,0,13
2908,2908,0,15
2909,2909,0,12
2910,2910,0,14
2911,2911,0,13
2912,2912,0,14
2913,2913,0,6
2914,2914,0,18
2915,2915,0,9
2916,2916,0,12
2917,2917,0,8
2918,2918,0,17
2919,2919,0,15
2920,2920,0,16
2921,2921,0,12
2922,2922,0,22
2923,2923,0,16
2924,2924,0,13
2925,2925,0,11
2926,2926,0,17
2927,2927,0,12
2928,2928,0,7
2929,2929,0,9
2930,2930,0,18
2931,2931,0,17
2932,2932,0,23
2933,2933,0,15
2934,2934,0,17
2935,2935,0,15
2936,2936,0,12
2937,2937,0,7
2938,2938,0,12
2939,2939,0,6
2940,2940,0,8
2941,2941,0,17
2942,2942,0,6
2943,2943,0,15
2944,2944,0,14
2945,2945,0,1
2946,2946,0,14
2947,2947,0,12
2948,2948,0,9
2949,2949,0,15
2950,2950,0,4
2951,2951,0,15
2952,2952,0,7
2953,2953,0,8
2954,2954,0,12
2955,2955,0,16
2956,2956,0,7
2957,2957,0,15
2958,2958,0,13
2959,2959,0,14
2960,2960,0,11
2961,2961,0,-2
2962,2962,0,6
2963,2963,0,8
2964,2964,0,10
2965,2965,0,17
2966,2966,0,15
2967,2967,0,6
2968,2968,0,-1
2969,2969,0,3
2970,2970,0,6
2971,2971,0,7
2972,2972,0,20
2973,2973,0,16
2974,2974,0,4
2975,2975,0,8
2976,2976,0,7
2977,2977,0,17
2978,2978,0,14
2979,2979,0,13
2980,2980,0,17
2981,2981,0,11
2982,2982,0,9
2983,2983,0,12
2984,2984,0,17
2985,2985,0,5
2986,2986,0,20
2987,2987,0,4
2988,2988,0,7
2989,2989,0,12
2990,2990,0,9
2991,2991,0,11
2992,2992,0,15
2993,2993,0,14
2994,2994,0,6
2995,2995,0,12
2996,2996,0,18
2997,2997,0,15
2998,2998,0,15
2999,2999,0,11
3000,3000,0,21
3001,3001,0,14
3002,3002,0,10
3003,3003,0,8
3004,3004,0,18
3005,3005,0,20
3006,3006,0,10
3007,3007,0,19
3008,3008,0,14
3009,3009,0,16
3010,3010,0,15
3011,3011,0,25
3012,3012,0,17
3013,3013,0,12
3014,3014,0,19
3015,3015,0,10
3016,3016,0,11
3017,3017,0,19
3018,3018,0,17
3019,3019,0,16
3020,3020,0,18
3021,3021,0,10
3022,3022,0,14
3023,3023,0,19
3024,3024,0,12
3025,3025,0,22
3026,3026,0,9
3027,3027,0,7
3028,3028,0,9
3029,3029,0,11
3030,3030,0,16
3031,3031,0,8
3032,3032,0,8
3033,3033,0,12
3034,3034,0,8
3035,3035,0,7
3036,3036,0,11
3037,3037,0,5
3038,3038,0,15
3039,3039,0,2
3040,3040,0,1
3041,3041,0,14
3042,3042,0,7
3043,3043,0,4
3044,3044,0,3
3045,3045,0,4
3046,3046,0,9
3047,3047,0,7
3048,3048,0,9
3049,3049,0,14
3050,3050,0,9
3051,3051,0,3
3052,3052,0,8
3053,3053,0,4
3054,3054,0,2
3055,3055,0,3
3056,3056,0,4
3057,3057,0,4
3058,3058,0,-3
3059,3059,0,6
3060,3060,0,9
3061,3061,0,12
3062,3062,0,12
3063,3063,0,15
3064,3064,0,14
3065,3065,0,11
3066,3066,0,16
3067,3067,0,8
3068,3068,0,16
3069,3069,0,23
3070,3070,0,8
3071,3071,0,8
3072,3072,0,15
3073,3073,0,9
3074,3074,0,7
3075,3075,0,13
3076,3076,0,16
3077,3077,0,16
3078,3078,0,19
3079,3079,0,24
3080,3080,0,11
3081,3081,0,13
3082,3082,0,16
3083,3083,0,7
3084,3084,0,11
3085,3085,0,8
3086,3086,0,21
3087,3087,0,19
3088,3088,0,13
3089,3089,0,20
3090,3090,0,15
3091,3091,0,7
3092,3092,0,8
3093,3093,0,15
3094,3094,0,29
3095,3095,0,18
3096,3096,0,17
3097,3097,0,13
3098,3098,0,16
3099,3099,0,18
3100,3100,0,11
3101,3101,0,16
3102,3102,0,24
3103,3103,0,18
3104,3104,0,18
3105,3105,0,14
3106,3106,0,15
3107,3107,0,15
3108,3108,0,21
3109,3109,0,13
3110,3110,0,16
3111,3111,0,16
3112,3112,0,6
3113,3113,0,4
3114,3114,0,7
3115,3115,0,16
3116,3116,0,8
3117,3117,0,6
3118,3118,0,4
3119,3119,0,3
3120,3120,0,16
3121,3121,0,-5
3122,3122,0,11
3123,3123,0,-4
3124,3124,0,4
3125,3125,0,13
3126,3126,0,14
3127,3127,0,10
3128,3128,0,13
3129,3129,0,5
3130,3130,0,6
3131,3131,0,9
3132,3132,0,14
3133,3133,0,10
3134,3134,0,14
3135,3135,0,6
3136,3136,0,13
3137,3137,0,8
3138,3138,0,6
3139,3139,0,10
3140,3140,0,3
3141,3141,0,12
3142,3142,0,14
3143,3143,0,18
3144,3144,0,3
3145,3145,0,10
3146,3146,0,8
3147,3147,0,5
3148,3148,0,2
3149,3149,0,13
3150,3150,0,23
3151,3151,0,16
3152,3152,0,22
3153,3153,0,19
3154,3154,0,11
3155,3155,0,15
3156,3156,0,20
3157,3157,0,11
3158,3158,0,17
3159,3159,0,12
3160,3160,0,11
3161,3161,0,18
3162,3162,0,12
3163,3163,0,16
3164,3164,0,18
3165,3165,0,16
3166,3166,0,20
3167,3167,0,22
3168,3168,0,12
3169,3169,0,15
3170,3170,0,16
3171,3171,0,16
3172,3172,0,5
3173,3173,0,10
3174,3174,0,18
3175,3175,0,14
3176,3176,0,15
3177,3177,0,11
3178,3178,0,16
3179,3179,0,23
3180,3180,0,16
3181,3181,0,12
3182,3182,0,19
3183,3183,0,8
3184,3184,0,15
3185,3185,0,16
3186,3186,0,17
3187,3187,0,7
3188,3188,0,14
3189,3189,0,16
3190,3190,0,10
3191,3191,0,20
3192,3192,0,14
3193,3193,0,16
3194,3194,0,6
3195,3195,0,8
3196,3196,0,6
3197,3197,0,12
3198,3198,0,17
3199,3199,0,8
3200,3200,0,8
3201,3201,0,1
3202,3202,0,18
3203,3203,0,11
3204,3204,0,16
3205,3205,0,18
3206,3206,0,10
3207,3207,0,4
3208,3208,0,10
3209,3209,0,15
3210,3210,0,3
3211,3211,0,6
3212,3212,0,15
3213,3213,0,2
3214,3214,0,6
3215,3215,0,5
3216,3216,0,16
3217,3217,0,10
3218,3218,0,11
3219,3219,0,10
3220,3220,0,10
3221,3221,0,6
3222,3222,0,15
3223,3223,0,10
3224,3224,0,4
3225,3225,0,15
3226,3226,0,6
3227,3227,0,9
3228,3228,0,15
3229,3229,0,16
3230,3230,0,6
3231,3231,0,21
3232,3232,0,13
3233,3233,0,5
3234,3234,0,16
3235,3235,0,1
3236,3236,0,5
3237,3237,0,11
3238,3238,0,16
3239,3239,0,26
3240,3240,0,10
3241,3241,0,18
3242,3242,0,18
3243,3243,0,16
3244,3244,0,12
3245,3245,0,18
3246,3246,0,20
3247,3247,0,18
3248,3248,0,19
3249,3249,0,15
3250,3250,0,12
3251,3251,0,11
3252,3252,0,14
3253,3253,0,15
3254,3254,0,15
3255,3255,0,12
3256,3256,0,25
3257,3257,0,13
3258,3258,0,19
3259,3259,0,13
3260,3260,0,21
3261,3261,0,18
3262,3262,0,10
3263,3263,0,9
3264,3264,0,11
3265,3265,0,13
3266,3266,0,17
3267,3267,0,17
3268,3268,0,19
3269,3269,0,14
3270,3270,0,6
3271,3271,0,10
3272,3272,0,4
3273,3273,0,13
3274,3274,0,9
3275,3275,0,9
3276,3276,0,14
3277,3277,0,13
3278,3278,0,11
3279,3279,0,6
3280,3280,0,9
3281,3281,0,-2
3282,3282,0,6
3283,3283,0,9
3284,3284,0,16
3285,3285,0,8
3286,3286,0,11
3287,3287,0,2
3288,3288,0,11
3289,3289,0,14
3290,3290,0,14
3291,3291,0,3
3292,3292,0,3
3293,3293,0,5
3294,3294,0,4
3295,3295,0,12
3296,3296,0,11
3297,3297,0,8
3298,3298,0,13
3299,3299,0,18
3300,3300,0,12
3301,3301,0,8
3302,3302,0,7
3303,3303,0,10
3304,3304,0,12
3305,3305,0,8
3306,3306,0,12
3307,3307,0,4
3308,3308,0,10
3309,3309,0,10
3310,3310,0,14
3311,3311,0,10
3312,3312,0,12
3313,3313,0,6
3314,3314,0,20
3315,3315,0,24
3316,3316,0,10
3317,3317,0,11
3318,3318,0,21
3319,3319,0,17
3320,3320,0,12
3321,3321,0,18
3322,3322,0,17
3323,3323,0,19
3324,3324,0,14
3325,3325,0,11
3326,3326,0,11
3327,3327,0,20
3328,3328,0,23
3329,3329,0,18
3330,3330,0,18
3331,3331,0,22
3332,3332,0,23
3333,3333,0,18
3334,3334,0,16
3335,3335,0,16
3336,3336,0,10
3337,3337,0,12
3338,3338,0,24
3339,3339,0,22
3340,3340,0,14
3341,3341,0,19
3342,3342,0,21
3343,3343,0,10
3344,3344,0,9
3345,3345,0,17
3346,3346,0,20
3347,3347,0,14
3348,3348,0,16
3349,3349,0,7
3350,3350,0,8
3351,3351,0,7
3352,3352,0,12
3353,3353,0,10
3354,3354,0,9
3355,3355,0,7
3356,3356,0,15
3357,3357,0,11
3358,3358,0,21
3359,3359,0,21
3360,3360,0,9
3361,3361,0,10
3362,3362,0,12
3363,3363,0,18
3364,3364,0,6
3365,3365,0,5
3366,3366,0,18
3367,3367,0,11
3368,3368,0,12
3369,3369,0,22
3370,3370,0,6
3371,3371,0,12
3372,3372,0,9
3373,3373,0,14
3374,3374,0,8
3375,3375,0,12
3376,3376,0,5
3377,3377,0,9
3378,3378,0,16
3379,3379,0,9
3380,3380,0,9
3381,3381,0,17
3382,3382,0,20
3383,3383,0,14
3384,3384,0,11
3385,3385,0,14
3386,3386,0,9
3387,3387,0,7
3388,3388,0,11
3389,3389,0,18
3390,3390,0,31
3391,3391,0,16
3392,3392,0,11
3393,3393,0,15
3394,3394,0,11
3395,3395,0,20
3396,3396,0,8
3397,3397,0,12
3398,3398,0,19
3399,3399,0,16
3400,3400,0,20
3401,3401,0,19
3402,3402,0,20
3403,3403,0,17
3404,3404,0,10
3405,3405,0,15
3406,3406,0,13
3407,3407,0,14
3408,3408,0,26
3409,3409,0,16
3410,3410,0,20
3411,3411,0,10
3412,3412,0,13
3413,3413,0,22
3414,3414,0,18
3415,3415,0,15
3416,3416,0,15
3417,3417,0,12
3418,3418,0,16
3419,3419,0,22
3420,3420,0,14
3421,3421,0,6
3422,3422,0,11
3423,3423,0,13
3424,3424,0,8
3425,3425,0,10
3426,3426,0,15
3427,3427,0,21
3428,3428,0,17
3429,3429,0,20
3430,3430,0,12
3431,3431,0,5
3432,3432,0,12
3433,3433,0,10
3434,3434,0,12
3435,3435,0,2
3436,3436,0,8
3437,3437,0,17
3438,3438,0,8
3439,3439,0,10
3440,3440,0,7
3441,3441,0,9
3442,3442,0,5
3443,3443,0,6
3444,3444,0,6
3445,3445,0,0
3446,3446,0,2
3447,3447,0,6
3448,3448,0,0
3449,3449,0,18
3450,3450,0,-1
3451,3451,0,4
3452,3452,0,9
3453,3453,0,9
3454,3454,0,8
3455,3455,0,10
3456,3456,0,5
3457,3457,0,5
3458,3458,0,13
3459,3459,0,8
3460,3460,0,9
3461,3461,0,3
3462,3462,0,10
3463,3463,0,8
3464,3464,0,15
3465,3465,0,6
3466,3466,0,8
3467,3467,0,14
3468,3468,0,12
3469,3469,0,8
3470,3470,0,6
3471,3471,0,16
3472,3472,0,20
3473,3473,0,11
3474,3474,0,25
3475,3475,0,12
3476,3476,0,13
3477,3477,0,18
3478,3478,0,19
3479,3479,0,29
3480,3480,0,25
3481,3481,0,13
3482,3482,0,18
3483,3483,0,17
3484,3484,0,17
3485,3485,0,12
3486,3486,0,16
3487,3487,0,11
3488,3488,0,17
3489,3489,0,8
3490,3490,0,14
3491,3491,0,14
3492,3492,0,20
3493,3493,0,19
3494,3494,0,17
3495,3495,0,13
3496,3496,0,14
3497,3497,0,20
3498,3498,0,25
3499,3499,0,20
3500,3500,0,23
3501,3501,0,20
3502,3502,0,11
3503,3503,0,10
3504,3504,0,16
3505,3505,0,13
3506,3506,0,17
3507,3507,0,19
3508,3508,0,11
3509,3509,0,3
3510,3510,0,17
3511,3511,0,12
3512,3512,0,15
3513,3513,0,13
3514,3514,0,11
3515,3515,0,4
3516,3516,0,13
3517,3517,0,9
3518,3518,0,10
3519,3519,0,4
3520,3520,0,22
3521,3521,0,8
3522,3522,0,4
3523,3523,0,3
3524,3524,0,2
3525,3525,0,8
3526,3526,0,5
3527,3527,0,8
3528,3528,0,8
3529,3529,0,16
3530,3530,0,8
3531,3531,0,16
3532,3532,0,8
3533,3533,0,5
3534,3534,0,15
3535,3535,0,9
3536,3536,0,10
3537,3537,0,10
3538,3538,0,11
3539,3539,0,11
3540,3540,0,12
3541,3541,0,10
3542,3542,0,11
3543,3543,0,11
3544,3544,0,7
3545,3545,0,11
3546,3546,0,18
3547,3547,0,11
3548,3548,0,11
3549,3549,0,8
3550,3550,0,13
3551,3551,0,12
3552,3552,0,11
3553,3553,0,20
3554,3554,0,12
3555,3555,0,12
3556,3556,0,23
3557,3557,0,10
3558,3558,0,18
3559,3559,0,13
3560,3560,0,11
3561,3561,0,25
3562,3562,0,12
3563,3563,0,19
3564,3564,0,16
3565,3565,0,21
3566,3566,0,18
3567,3567,0,15
3568,3568,0,14
3569,3569,0,15
3570,3570,0,8
3571,3571,0,6
3572,3572,0,20
3573,3573,0,16
3574,3574,0,20
3575,3575,0,19
3576,3576,0,20
3577,3577,0,13
3578,3578,0,20
3579,3579,0,16
3580,3580,0,21
3581,3581,0,20
3582,3582,0,7
3583,3583,0,10
3584,3584,0,18
3585,3585,0,12
3586,3586,0,11
3587,3587,0,11
3588,3588,0,7
3589,3589,0,17
3590,3590,0,8
3591,3591,0,12
3592,3592,0,7
3593,3593,0,14
3594,3594,0,14
3595,3595,0,22
3596,3596,0,12
3597,3597,0,6
3598,3598,0,12
3599,3599,0,11
3600,3600,0,18
3601,3601,0,13
3602,3602,0,16
3603,3603,0,5
3604,3604,0,5
3605,3605,0,2
3606,3606,0,18
3607,3607,0,2
3608,3608,0,7
3609,3609,0,-10
3610,3610,0,-4
3611,3611,0,5
3612,3612,0,5
3613,3613,0,7
3614,3614,0,-5
3615,3615,0,10
3616,3616,0,11
3617,3617,0,0
3618,3618,0,1
3619,3619,0,20
3620,3620,0,2
3621,3621,0,16
3622,3622,0,14
3623,3623,0,1
3624,3624,0,2
3625,3625,0,2
3626,3626,0,10
3627,3627,0,19
3628,3628,0,10
3629,3629,0,18
3630,3630,0,15
3631,3631,0,15
3632,3632,0,12
3633,3633,0,7
3634,3634,0,13
3635,3635,0,18
3636,3636,0,18
3637,3637,0,17
3638,3638,0,14
3639,3639,0,13
3640,3640,0,12
3641,3641,0,8
3642,3642,0,7
3643,3643,0,12
3644,3644,0,14
3645,3645,0,18
3646,3646,0,21
3647,3647,0,17
3648,3648,0,14
3649,3649,0,12
3650,3650,0,11
3651,3651,0,12
3652,3652,0,17
3653,3653,0,18
3654,3654,0,15
3655,3655,0,10
3656,3656,0,17
3657,3657,0,13
3658,3658,0,21
3659,3659,0,9
3660,3660,0,9
3661,3661,0,25
3662,3662,0,16
3663,3663,0,5
3664,3664,0,6
3665,3665,0,15
3666,3666,0,4
3667,3667,0,17
3668,3668,0,8
3669,3669,0,5
3670,3670,0,13
3671,3671,0,12
3672,3672,0,14
3673,3673,0,15
3674,3674,0,16
3675,3675,0,10
3676,3676,0,13
3677,3677,0,6
3678,3678,0,7
3679,3679,0,9
3680,3680,0,12
3681,3681,0,13
3682,3682,0,4
3683,3683,0,3
3684,3684,0,14
3685,3685,0,14
3686,3686,0,12
3687,3687,0,10
3688,3688,0,6
3689,3689,0,3
3690,3690,0,14
3691,3691,0,11
3692,3692,0,9
3693,3693,0,-1
3694,3694,0,5
3695,3695,0,19
3696,3696,0,11
3697,3697,0,7
3698,3698,0,11
3699,3699,0,6
3700,3700,0,18
3701,3701,0,7
3702,3702,0,4
3703,3703,0,8
3704,3704,0,4
3705,3705,0,15
3706,3706,0,15
3707,3707,0,9
3708,3708,0,8
3709,3709,0,18
3710,3710,0,10
3711,3711,0,14
3712,3712,0,19
3713,3713,0,14
3714,3714,0,16
3715,3715,0,13
3716,3716,0,24
3717,3717,0,16
3718,3718,0,27
3719,3719,0,20
3720,3720,0,15
3721,3721,0,20
3722,3722,0,22
3723,3723,0,20
3724,3724,0,13
3725,3725,0,10
3726,3726,0,19
3727,3727,0,21
3728,3728,0,13
3729,3729,0,12
3730,3730,0,19
3731,3731,0,14
3732,3732,0,25
3733,3733,0,10
3734,3734,0,11
3735,3735,0,10
3736,3736,0,14
3737,3737,0,5
3738,3738,0,11
3739,3739,0,9
3740,3740,0,4
3741,3741,0,8
3742,3742,0,8
3743,3743,0,22
3744,3744,0,20
3745,3745,0,10
3746,3746,0,14
3747,3747,0,14
3748,3748,0,10
3749,3749,0,12
3750,3750,0,20
3751,3751,0,11
3752,3752,0,20
3753,3753,0,14
3754,3754,0,1
3755,3755,0,7
3756,3756,0,-3
3757,3757,0,4
3758,3758,0,9
3759,3759,0,12
3760,3760,0,10
3761,3761,0,7
3762,3762,0,11
3763,3763,0,10
3764,3764,0,13
3765,3765,0,-1
3766,3766,0,9
3767,3767,0,2
3768,3768,0,10
3769,3769,0,18
3770,3770,0,6
3771,3771,0,5
3772,3772,0,10
3773,3773,0,5
3774,3774,0,17
3775,3775,0,12
3776,3776,0,10
3777,3777,0,11
3778,3778,0,6
3779,3779,0,15
3780,3780,0,5
3781,3781,0,11
3782,3782,0,19
3783,3783,0,11
3784,3784,0,5
3785,3785,0,6
3786,3786,0,11
3787,3787,0,6
3788,3788,0,13
3789,3789,0,23
3790,3790,0,27
3791,3791,0,22
3792,3792,0,11
3793,3793,0,15
3794,3794,0,12
3795,3795,0,15
3796,3796,0,16
3797,3797,0,14
3798,3798,0,7
3799,3799,0,22
3800,3800,0,14
3801,3801,0,12
3802,3802,0,5
3803,3803,0,31
3804,3804,0,16
3805,3805,0,22
3806,3806,0,19
3807,3807,0,21
3808,3808,0,18
3809,3809,0,27
3810,3810,0,24
3811,3811,0,16
3812,3812,0,14
3813,3813,0,18
3814,3814,0,14
3815,3815,0,10
3816,3816,0,4
3817,3817,0,2
3818,3818,0,21
3819,3819,0,24
3820,3820,0,23
3821,3821,0,14
3822,3822,0,17
3823,3823,0,9
3824,3824,0,13
3825,3825,0,20
3826,3826,0,13
3827,3827,0,17
3828,3828,0,7
3829,3829,0,13
3830,3830,0,9
3831,3831,0,5
3832,3832,0,13
3833,3833,0,15
3834,3834,0,21
3835,3835,0,7
3836,3836,0,16
3837,3837,0,11
3838,3838,0,17
3839,3839,0,20
3840,3840,0,8
3841,3841,0,16
3842,3842,0,6
3843,3843,0,1
3844,3844,0,2
3845,3845,0,7
3846,3846,0,13
3847,3847,0,21
3848,3848,0,10
3849,3849,0,9
3850,3850,0,5
3851,3851,0,13
3852,3852,0,6
3853,3853,0,13
3854,3854,0,16
3855,3855,0,3
3856,3856,0,11
3857,3857,0,13
3858,3858,0,11
3859,3859,0,14
3860,3860,0,16
3861,3861,0,13
3862,3862,0,6
3863,3863,0,7
3864,3864,0,10
3865,3865,0,15
3866,3866,0,4
3867,3867,0,4
3868,3868,0,11
3869,3869,0,14
3870,3870,0,15
3871,3871,0,22
3872,3872,0,19
3873,3873,0,21
3874,3874,0,10
3875,3875,0,15
3876,3876,0,11
3877,3877,0,20
3878,3878,0,26
3879,3879,0,16
3880,3880,0,17
3881,3881,0,8
3882,3882,0,11
3883,3883,0,19
3884,3884,0,18
3885,3885,0,20
3886,3886,0,20
3887,3887,0,7
3888,3888,0,19
3889,3889,0,6
3890,3890,0,9
3891,3891,0,15
3892,3892,0,9
3893,3893,0,20
3894,3894,0,19
3895,3895,0,17
3896,3896,0,18
3897,3897,0,15
3898,3898,0,13
3899,3899,0,18
3900,3900,0,12
3901,3901,0,17
3902,3902,0,21
3903,3903,0,12
3904,3904,0,13
3905,3905,0,16
3906,3906,0,0
3907,3907,0,9
3908,3908,0,-4
3909,3909,0,19
3910,3910,0,12
3911,3911,0,12
3912,3912,0,8
3913,3913,0,14
3914,3914,0,3
3915,3915,0,3
3916,3916,0,10
3917,3917,0,0
3918,3918,0,10
3919,3919,0,5
3920,3920,0,11
3921,3921,0,12
3922,3922,0,4
3923,3923,0,1
3924,3924,0,6
3925,3925,0,10
3926,3926,0,11
3927,3927,0,11
3928,3928,0,9
3929,3929,0,8
3930,3930,0,13
3931,3931,0,5
3932,3932,0,-6
3933,3933,0,9
3934,3934,0,10
3935,3935,0,7
3936,3936,0,8
3937,3937,0,7
3938,3938,0,11
3939,3939,0,-3
3940,3940,0,0
3941,3941,0,16
3942,3942,0,13
3943,3943,0,10
3944,3944,0,18
3945,3945,0,23
3946,3946,0,11
3947,3947,0,8
3948,3948,0,19
3949,3949,0,9
3950,3950,0,17
3951,3951,0,16
3952,3952,0,13
3953,3953,0,18
3954,3954,0,16
3955,3955,0,15
3956,3956,0,5
3957,3957,0,9
3958,3958,0,12
3959,3959,0,16
3960,3960,0,13
3961,3961,0,20
3962,3962,0,13
3963,3963,0,14
3964,3964,0,16
3965,3965,0,16
3966,3966,0,18
3967,3967,0,19
3968,3968,0,20
3969,3969,0,22
3970,3970,0,18
3971,3971,0,16
3972,3972,0,21
3973,3973,0,13
3974,3974,0,3
3975,3975,0,15
3976,3976,0,8
3977,3977,0,2
3978,3978,0,19
3979,3979,0,5
3980,3980,0,14
3981,3981,0,10
3982,3982,0,13
3983,3983,0,9
3984,3984,0,-2
3985,3985,0,13
3986,3986,0,4
3987,3987,0,4
3988,3988,0,3
3989,3989,0,6
3990,3990,0,11
3991,3991,0,8
3992,3992,0,14
3993,3993,0,12
3994,3994,0,13
3995,3995,0,14
3996,3996,0,17
3997,3997,0,17
3998,3998,0,17
3999,3999,0,5
4000,4000,0,11
4001,4001,0,10
4002,4002,0,3
4003,4003,0,3
4004,4004,0,8
4005,4005,0,15
4006,4006,0,13
4007,4007,0,11
4008,4008,0,2
4009,4009,0,10
4010,4010,0,13
4011,4011,0,7
4012,4012,0,2
4013,4013,0,9
4014,4014,0,10
4015,4015,0,3
4016,4016,0,8
4017,4017,0,7
4018,4018,0,4
4019,4019,0,8
4020,4020,0,2
4021,4021,0,-5
4022,4022,0,6
4023,4023,0,18
4024,4024,0,10
4025,4025,0,8
4026,4026,0,1
4027,4027,0,14
4028,4028,0,21
4029,4029,0,19
4030,4030,0,20
4031,4031,0,18
4032,4032,0,11
4033,4033,0,17
4034,4034,0,17
4035,4035,0,20
4036,4036,0,16
4037,4037,0,6
4038,4038,0,14
4039,4039,0,9
4040,4040,0,23
4041,4041,0,14
4042,4042,0,19
4043,4043,0,8
4044,4044,0,17
4045,4045,0,19
4046,4046,0,16
4047,4047,0,18
4048,4048,0,16
4049,4049,0,19
4050,4050,0,22
4051,4051,0,17
4052,4052,0,13
4053,4053,0,15
4054,4054,0,11
4055,4055,0,19
4056,4056,0,18
4057,4057,0,10
4058,4058,0,25
4059,4059,0,19
4060,4060,0,11
4061,4061,0,19
4062,4062,0,13
4063,4063,0,3
4064,4064,0,4
4065,4065,0,13
4066,4066,0,10
4067,4067,0,12
4068,4068,0,8
4069,4069,0,6
4070,4070,0,5
4071,4071,0,16
4072,4072,0,15
4073,4073,0,11
4074,4074,0,20
4075,4075,0,21
4076,4076,0,19
4077,4077,0,12
4078,4078,0,9
4079,4079,0,18
4080,4080,0,5
4081,4081,0,7
4082,4082,0,12
4083,4083,0,7
4084,4084,0,-2
4085,4085,0,-2
4086,4086,0,7
4087,4087,0,8
4088,4088,0,14
4089,4089,0,18
4090,4090,0,15
4091,4091,0,12
4092,4092,0,8
4093,4093,0,17
4094,4094,0,6
4095,4095,0,2
4096,4096,1,2
4097,4097,0,4
4098,4098,0,11
4099,4099,0,11
4100,4100,0,5
4101,4101,0,12
4102,4102,0,10
4103,4103,0,10
4104,4104,0,14
4105,4105,0,13
4106,4106,0,14
4107,4107,0,13
4108,4108,0,3
4109,4109,0,9
4110,4110,0,9
4111,4111,0,16
4112,4112,0,9
4113,4113,0,13
4114,4114,0,14
4115,4115,0,17
4116,4116,0,18
4117,4117,0,15
4118,4118,0,16
4119,4119,0,14
4120,4120,0,11
4121,4121,0,20
4122,4122,0,17
4123,4123,0,18
4124,4124,0,14
4125,4125,0,13
4126,4126,0,10
4127,4127,0,9
4128,4128,0,7
4129,4129,0,12
4130,4130,0,20
4131,4131,0,12
4132,4132,0,10
4133,4133,0,10
4134,4134,0,17
4135,4135,0,10
4136,4136,0,9
4137,4137,0,17
4138,4138,0,14
4139,4139,0,18
4140,4140,0,20
4141,4141,0,14
4142,4142,0,14
4143,4143,0,10
4144,4144,0,11
4145,4145,0,10
4146,4146,0,18
4147,4147,0,12
4148,4148,0,16
4149,4149,0,6
4150,4150,0,9
4151,4151,0,1
4152,4152,0,5
4153,4153,0,11
4154,4154,0,14
4155,4155,0,18
4156,4156,0,6
4157,4157,0,13
4158,4158,0,13
4159,4159,0,5
4160,4160,0,8
4161,4161,0,9
4162,4162,0,6
4163,4163,0,6
4164,4164,0,7
4165,4165,0,8
4166,4166,0,14
4167,4167,0,7
4168,4168,0,5
4169,4169,0,-2
4170,4170,0,4
4171,4171,0,-4
4172,4172,0,14
4173,4173,0,10
4174,4174,0,9
4175,4175,0,13
4176,4176,0,9
4177,4177,0,9
4178,4178,0,7
4179,4179,0,5
4180,4180,0,15
4181,4181,0,13
4182,4182,0,6
4183,4183,0,10
4184,4184,0,18
4185,4185,0,22
4186,4186,0,19
4187,4187,0,15
4188,4188,0,18
4189,4189,0,-2
4190,4190,0,16
4191,4191,0,7
4192,4192,0,9
4193,4193,0,14
4194,4194,0,8
4195,4195,0,19
4196,4196,0,14
4197,4197,0,16
4198,4198,0,14
4199,4199,0,16
4200,4200,0,12
4201,4201,0,23
4202,4202,0,12
4203,4203,0,22
4204,4204,0,15
4205,4205,0,32
4206,4206,0,15
4207,4207,0,17
4208,4208,0,28
4209,4209,0,15
4210,4210,0,15
4211,4211,0,12
4212,4212,0,18
4213,4213,0,16
4214,4214,0,21
4215,4215,0,17
4216,4216,0,10
4217,4217,0,6
4218,4218,0,17
4219,4219,0,9
4220,4220,0,10
4221,4221,0,19
4222,4222,0,17
4223,4223,0,17
4224,4224,0,15
4225,4225,0,12
4226,4226,0,8
4227,4227,0,12
4228,4228,0,16
4229,4229,0,4
4230,4230,0,4
4231,4231,0,8
4232,4232,0,15
4233,4233,0,6
4234,4234,0,11
4235,4235,0,8
4236,4236,0,3
4237,4237,0,5
4238,4238,0,9
4239,4239,0,2
4240,4240,0,5
4241,4241,0,12
4242,4242,0,18
4243,4243,0,21
4244,4244,0,12
4245,4245,0,11
4246,4246,0,4
4247,4247,0,10
4248,4248,0,2
4249,4249,0,7
4250,4250,0,-1
4251,4251,0,12
4252,4252,0,-1
4253,4253,0,2
4254,4254,0,14
4255,4255,0,5
4256,4256,0,14
4257,4257,0,18
4258,4258,0,12
4259,4259,0,7
4260,4260,0,13
4261,4261,0,9
4262,4262,0,8
4263,4263,0,6
4264,4264,0,1
4265,4265,0,-4
4266,4266,0,17
4267,4267,0,7
4268,4268,0,12
4269,4269,0,16
4270,4270,0,7
4271,4271,0,5
4272,4272,0,12
4273,4273,0,15
4274,4274,0,11
4275,4275,0,17
4276,4276,0,19
4277,4277,0,9
4278,4278,0,13
4279,4279,0,8
4280,4280,0,15
4281,4281,0,20
4282,4282,0,21
4283,4283,0,15
4284,4284,0,14
4285,4285,0,5
4286,4286,0,7
4287,4287,0,16
4288,4288,0,12
4289,4289,0,9
4290,4290,0,17
4291,4291,0,12
4292,4292,0,16
4293,4293,0,22
4294,4294,0,15
4295,4295,0,15
4296,4296,0,13
4297,4297,0,16
4298,4298,0,17
4299,4299,0,4
4300,4300,0,10
4301,4301,0,13
4302,4302,0,7
4303,4303,0,8
4304,4304,0,11
4305,4305,0,13
4306,4306,0,16
4307,4307,0,19
4308,4308,0,13
4309,4309,0,12
4310,4310,0,15
4311,4311,0,4
4312,4312,0,12
4313,4313,0,16
4314,4314,0,12
4315,4315,0,6
4316,4316,0,15
4317,4317,0,17
4318,4318,0,4
4319,4319,0,1
4320,4320,0,4
4321,4321,0,3
4322,4322,0,0
4323,4323,0,10
4324,4324,0,11
4325,4325,0,7
4326,4326,0,2
4327,4327,0,7
4328,4328,0,-1
4329,4329,0,9
4330,4330,0,8
4331,4331,0,7
4332,4332,0,12
4333,4333,0,13
4334,4334,0,5
4335,4335,0,7
4336,4336,0,8
4337,4337,0,11
4338,4338,0,16
4339,4339,0,5
4340,4340,0,1
4341,4341,0,11
4342,4342,0,10
4343,4343,0,8
4344,4344,0,11
4345,4345,0,7
4346,4346,0,8
4347,4347,0,20
4348,4348,0,15
4349,4349,0,16
4350,4350,0,8
4351,4351,0,10
4352,4352,0,13
4353,4353,0,20
4354,4354,0,10
4355,4355,0,17
4356,4356,0,17
4357,4357,0,12
4358,4358,0,21
4359,4359,0,16
4360,4360,0,26
4361,4361,0,19
4362,4362,0,17
4363,4363,0,17
4364,4364,0,21
4365,4365,0,16
4366,4366,0,17
4367,4367,0,10
4368,4368,0,15
4369,4369,0,20
4370,4370,0,15
4371,4371,0,24
4372,4372,0,16
4373,4373,0,25
4374,4374,0,18
4375,4375,0,18
4376,4376,0,13
4377,4377,0,14
4378,4378,0,17
4379,4379,0,19
4380,4380,0,9
4381,4381,0,13
4382,4382,0,23
4383,4383,0,14
4384,4384,0,16
4385,4385,0,10
4386,4386,0,9
4387,4387,0,5
4388,4388,0,7
4389,4389,0,8
4390,4390,0,9
4391,4391,0,5
4392,4392,0,10
4393,4393,0,9
4394,4394,0,9
4395,4395,0,9
4396,4396,0,8
4397,4397,0,3
4398,4398,0,-1
4399,4399,0,5
4400,4400,0,13
4401,4401,0,3
4402,4402,0,4
4403,4403,0,-2
4404,4404,0,3
4405,4405,0,10
4406,4406,0,8
4407,4407,0,6
4408,4408,0,10
4409,4409,0,6
4410,4410,0,1
4411,4411,0,12
4412,4412,0,8
4413,4413,0,9
4414,4414,0,7
4415,4415,0,8
4416,4416,0,9
4417,4417,0,14
4418,4418,0,14
4419,4419,0,11
4420,4420,0,13
4421,4421,0,12
4422,4422,0,13
4423,4423,0,9
4424,4424,0,9
4425,4425,0,11
4426,4426,0,10
4427,4427,0,17
4428,4428,0,14
4429,4429,0,13
4430,4430,0,17
4431,4431,0,6
4432,4432,0,9
4433,4433,0,19
4434,4434,0,16
4435,4435,0,9
4436,4436,0,18
4437,4437,0,15
4438,4438,0,15
4439,4439,0,15
4440,4440,0,12
4441,4441,0,17
4442,4442,0,18
4443,4443,0,20
4444,4444,0,22
4445,4445,0,19
4446,4446,0,12
4447,4447,0,14
4448,4448,0,15
4449,4449,0,12
4450,4450,0,13
4451,4451,0,15
4452,4452,0,10
4453,4453,0,14
4454,4454,0,14
4455,4455,0,22
4456,4456,0,11
4457,4457,0,14
4458,4458,0,20
4459,4459,0,13
4460,4460,0,11
4461,4461,0,8
4462,4462,0,5
4463,4463,0,9
4464,4464,0,16
4465,4465,0,16
4466,4466,0,13
4467,4467,0,12
4468,4468,0,6
4469,4469,0,5
4470,4470,0,10
4471,4471,0,11
4472,4472,0,11
4473,4473,0,13
4474,4474,0,23
4475,4475,0,24
4476,4476,0,13
4477,4477,0,11
4478,4478,0,10
4479,4479,0,9
4480,4480,0,7
4481,4481,0,0
4482,4482,0,9
4483,4483,0,4
4484,4484,0,0
4485,4485,0,3
4486,4486,0,1
4487,4487,0,7
4488,4488,0,4
4489,4489,0,13
4490,4490,0,13
4491,4491,0,11
4492,4492,0,11
4493,4493,0,6
4494,4494,0,8
4495,4495,0,17
4496,4496,0,18
4497,4497,0,11
4498,4498,0,8
4499,4499,0,15
4500,4500,0,23
4501,4501,0,13
4502,4502,0,8
4503,4503,0,14
4504,4504,0,14
4505,4505,0,11
4506,4506,0,9
4507,4507,0,10
4508,4508,0,11
4509,4509,0,8
4510,4510,0,9
4511,4511,0,9
4512,4512,0,16
4513,4513,0,2
4514,4514,0,14
4515,4515,0,10
4516,4516,0,11
4517,4517,0,15
4518,4518,0,20
4519,4519,0,19
4520,4520,0,20
4521,4521,0,16
4522,4522,0,13
4523,4523,0,16
4524,4524,0,19
4525,4525,0,19
4526,4526,0,16
4527,4527,0,23
4528,4528,0,23
4529,4529,0,21
4530,4530,0,18
4531,4531,0,17
4532,4532,0,18
4533,4533,0,14
4534,4534,0,14
4535,4535,0,14
4536,4536,0,11
4537,4537,0,13
4538,4538,0,7
4539,4539,0,8
4540,4540,0,22
4541,4541,0,14
4542,4542,0,17
4543,4543,0,5
4544,4544,0,11
4545,4545,0,4
4546,4546,0,11
4547,4547,0,14
4548,4548,0,18
4549,4549,0,14
4550,4550,0,13
4551,4551,0,15
4552,4552,0,5
4553,4553,0,20
4554,4554,0,5
4555,4555,0,13
4556,4556,0,5
4557,4557,0,4
4558,4558,0,7
4559,4559,0,19
4560,4560,0,16
4561,4561,0,14
4562,4562,0,10
4563,4563,0,17
4564,4564,0,17
4565,4565,0,6
4566,4566,0,15
4567,4567,0,9
4568,4568,0,9
4569,4569,0,1
4570,4570,0,12
4571,4571,0,3
4572,4572,0,-1
4573,4573,0,6
4574,4574,0,7
4575,4575,0,4
4576,4576,0,10
4577,4577,0,4
4578,4578,0,2
4579,4579,0,7
4580,4580,0,6
4581,4581,0,4
4582,4582,0,10
4583,4583,0,1
4584,4584,0,8
4585,4585,0,4
4586,4586,0,18
4587,4587,0,8
4588,4588,0,16
4589,4589,0,9
4590,4590,0,8
4591,4591,0,9
4592,4592,0,14
4593,4593,0,17
4594,4594,0,15
4595,4595,0,19
4596,4596,0,21
4597,4597,0,19
4598,4598,0,24
4599,4599,0,13
4600,4600,0,7
4601,4601,0,18
4602,4602,0,18
4603,4603,0,15
4604,4604,0,14
4605,4605,0,16
4606,4606,0,18
4607,4607,0,24
4608,4608,0,13
4609,4609,0,17
4610,4610,0,8
4611,4611,0,6
4612,4612,0,13
4613,4613,0,17
4614,4614,0,6
4615,4615,0,9
4616,4616,0,16
4617,4617,0,7
4618,4618,0,18
4619,4619,0,4
4620,4620,0,6
4621,4621,0,11
4622,4622,0,18
4623,4623,0,15
4624,4624,0,18
4625,4625,0,22
4626,4626,0,14
4627,4627,0,12
4628,4628,0,10
4629,4629,0,11
4630,4630,0,18
4631,4631,0,19
4632,4632,0,13
4633,4633,0,21
4634,4634,0,9
4635,4635,0,16
4636,4636,0,21
4637,4637,0,9
4638,4638,0,-2
4639,4639,0,13
4640,4640,0,14
4641,4641,0,20
4642,4642,0,9
4643,4643,0,9
4644,4644,0,5
4645,4645,0,8
4646,4646,0,22
4647,4647,0,15
4648,4648,0,13
4649,4649,0,13
4650,4650,0,15
4651,4651,0,8
4652,4652,0,13
4653,4653,0,7
4654,4654,0,16
4655,4655,0,1
4656,4656,0,17
4657,4657,0,11
4658,4658,0,10
4659,4659,0,12
4660,4660,0,10
4661,4661,0,8
4662,4662,0,16
4663,4663,0,11
4664,4664,0,18
4665,4665,0,13
4666,4666,0,12
4667,4667,0,13
4668,4668,0,16
4669,4669,0,17
4670,4670,0,13
4671,4671,0,8
4672,4672,0,7
4673,4673,0,12
4674,4674,0,10
4675,4675,0,14
4676,4676,0,15
4677,4677,0,26
4678,4678,0,23
4679,4679,0,22
4680,4680,0,18
4681,4681,0,16
4682,4682,0,15
4683,4683,0,10
4684,4684,0,14
4685,4685,0,17
4686,4686,0,14
4687,4687,0,17
4688,4688,0,11
4689,4689,0,15
4690,4690,0,14
4691,4691,0,23
4692,4692,0,14
4693,4693,0,14
4694,4694,0,7
4695,4695,0,15
4696,4696,0,15
4697,4697,0,12
4698,4698,0,17
4699,4699,0,15
4700,4700,0,7
4701,4701,0,17
4702,4702,0,15
4703,4703,0,21
4704,4704,0,23
4705,4705,0,13
4706,4706,0,9
4707,4707,0,8
4708,4708,0,17
4709,4709,0,7
4710,4710,0,15
4711,4711,0,11
4712,4712,0,15
4713,4713,0,2
4714,4714,0,7
4715,4715,0,4
4716,4716,0,9
4717,4717,0,12
4718,4718,0,13
4719,4719,0,4
4720,4720,0,17
4721,4721,0,14
4722,4722,0,-2
4723,4723,0,-1
4724,4724,0,11
4725,4725,0,13
4726,4726,0,16
4727,4727,0,12
4728,4728,0,10
4729,4729,0,5
4730,4730,0,-1
4731,4731,0,14
4732,4732,0,12
4733,4733,0,12
4734,4734,0,8
4735,4735,0,15
4736,4736,0,13
4737,4737,0,6
4738,4738,0,10
4739,4739,0,18
4740,4740,0,8
4741,4741,0,12
4742,4742,0,12
4743,4743,0,15
4744,4744,0,9
4745,4745,0,25
4746,4746,0,11
4747,4747,0,10
4748,4748,0,3
4749,4749,0,18
4750,4750,0,18
4751,4751,0,10
4752,4752,0,7
4753,4753,0,15
4754,4754,0,9
4755,4755,0,13
4756,4756,0,16
4757,4757,0,9
4758,4758,0,18
4759,4759,0,20
4760,4760,0,18
4761,4761,0,10
4762,4762,0,14
4763,4763,0,13
4764,4764,0,16
4765,4765,0,14
4766,4766,0,14
4767,4767,0,18
4768,4768,0,13
4769,4769,0,19
4770,4770,0,18
4771,4771,0,15
4772,4772,0,12
4773,4773,0,15
4774,4774,0,13
4775,4775,0,12
4776,4776,0,12
4777,4777,0,20
4778,4778,0,15
4779,4779,0,10
4780,4780,0,16
4781,4781,0,19
4782,4782,0,12
4783,4783,0,12
4784,4784,0,22
4785,4785,0,11
4786,4786,0,8
4787,4787,0,17
4788,4788,0,17
4789,4789,0,9
4790,4790,0,12
4791,4791,0,8
4792,4792,0,13
4793,4793,0,11
4794,4794,0,9
4795,4795,0,4
4796,4796,0,11
4797,4797,0,6
4798,4798,0,4
4799,4799,0,8
4800,4800,0,16
4801,4801,0,13
4802,4802,0,6
4803,4803,0,14
4804,4804,0,4
4805,4805,0,-2
4806,4806,0,7
4807,4807,0,15
4808,4808,0,15
4809,4809,0,11
4810,4810,0,10
4811,4811,0,10
4812,4812,0,20
4813,4813,0,15
4814,4814,0,10
4815,4815,0,8
4816,4816,0,13
4817,4817,0,21
4818,4818,0,16
4819,4819,0,11
4820,4820,0,16
4821,4821,0,13
4822,4822,0,11
4823,4823,0,13
4824,4824,0,9
4825,4825,0,11
4826,4826,0,10
4827,4827,0,7
4828,4828,0,18
4829,4829,0,14
4830,4830,0,14
4831,4831,0,12
4832,4832,0,9
4833,4833,0,22
4834,4834,0,17
4835,4835,0,17
4836,4836,0,25
4837,4837,0,13
4838,4838,0,14
4839,4839,0,12
4840,4840,0,20
4841,4841,0,19
4842,4842,0,18
4843,4843,0,12
4844,4844,0,21
4845,4845,0,24
4846,4846,0,17
4847,4847,0,17
4848,4848,0,22
4849,4849,0,20
4850,4850,0,18
4851,4851,0,12
4852,4852,0,19
4853,4853,0,20
4854,4854,0,20
4855,4855,0,17
4856,4856,0,17
4857,4857,0,11
4858,4858,0,27
4859,4859,0,24
4860,4860,0,15
4861,4861,0,17
4862,4862,0,21
4863,4863,0,14
4864,4864,0,18
4865,4865,0,26
4866,4866,0,12
4867,4867,0,29
4868,4868,0,12
4869,4869,0,14
4870,4870,0,9
4871,4871,0,9
4872,4872,0,13
4873,4873,0,16
4874,4874,0,20
4875,4875,0,25
4876,4876,0,12
4877,4877,0,22
4878,4878,0,14
4879,4879,0,3
4880,4880,0,19
4881,4881,0,20
4882,4882,0,12
4883,4883,0,13
4884,4884,0,16
4885,4885,0,11
4886,4886,0,-2
4887,4887,0,4
4888,4888,0,12
4889,4889,0,10
4890,4890,0,12
4891,4891,0,2
4892,4892,0,1
4893,4893,0,1
4894,4894,0,10
4895,4895,0,7
4896,4896,0,13
4897,4897,0,11
4898,4898,0,7
4899,4899,0,9
4900,4900,0,4
4901,4901,0,11
4902,4902,0,4
4903,4903,0,6
4904,4904,0,9
4905,4905,0,16
4906,4906,0,19
4907,4907,0,10
4908,4908,0,19
4909,4909,0,9
4910,4910,0,15
4911,4911,0,16
4912,4912,0,21
4913,4913,0,12
4914,4914,0,19
4915,4915,0,16
4916,4916,0,11
4917,4917,0,13
4918,4918,0,18
4919,4919,0,12
4920,4920,0,13
4921,4921,0,14
4922,4922,0,7
4923,4923,0,15
4924,4924,0,13
4925,4925,0,20
4926,4926,0,14
4927,4927,0,16
4928,4928,0,14
4929,4929,0,21
4930,4930,0,17
4931,4931,0,10
4932,4932,0,10
4933,4933,0,9
4934,4934,0,19
4935,4935,0,11
4936,4936,0,13
4937,4937,0,16
4938,4938,0,11
4939,4939,0,15
4940,4940,0,16
4941,4941,0,14
4942,4942,0,19
4943,4943,0,20
4944,4944,0,17
4945,4945,0,11
4946,4946,0,17
4947,4947,0,14
4948,4948,0,19
4949,4949,0,14
4950,4950,0,16
4951,4951,0,20
4952,4952,0,18
4953,4953,0,19
4954,4954,0,26
4955,4955,0,18
4956,4956,0,12
4957,4957,0,6
4958,4958,0,19
4959,4959,0,13
4960,4960,0,10
4961,4961,0,2
4962,4962,0,6
4963,4963,0,11
4964,4964,0,7
4965,4965,0,18
4966,4966,0,1
4967,4967,0,5
4968,4968,0,9
4969,4969,0,2
4970,4970,0,15
4971,4971,0,15
4972,4972,0,12
4973,4973,0,5
4974,4974,0,16
4975,4975,0,25
4976,4976,0,6
4977,4977,0,5
4978,4978,0,25
4979,4979,0,21
4980,4980,0,13
4981,4981,0,18
4982,4982,0,7
4983,4983,0,13
4984,4984,0,2
4985,4985,0,13
4986,4986,0,8
4987,4987,0,10
4988,4988,0,4
4989,4989,0,15
4990,4990,0,13
4991,4991,0,9
4992,4992,0,12
4993,4993,0,22
4994,4994,0,16
4995,4995,0,15
4996,4996,0,17
4997,4997,0,13
4998,4998,0,12
4999,4999,0,18
5000,5000,0,16
5001,5001,0,18
5002,5002,0,8
5003,5003,0,12
5004,5004,0,16
5005,5005,0,21
5006,5006,0,15
5007,5007,0,18
5008,5008,0,21
5009,5009,0,21
5010,5010,0,20
5011,5011,0,16
5012,5012,0,27
5013,5013,0,22
5014,5014,0,23
5015,5015,0,17
5016,5016,0,5
5017,5017,0,14
5018,5018,0,15
5019,5019,0,11
5020,5020,0,16
5021,5021,0,16
5022,5022,0,4
5023,5023,0,9
5024,5024,0,15
5025,5025,0,11
5026,5026,0,5
5027,5027,0,12
5028,5028,0,11
5029,5029,0,16
5030,5030,0,6
5031,5031,0,16
5032,5032,0,11
5033,5033,0,12
5034,5034,0,11
5035,5035,0,12
5036,5036,0,10
5037,5037,0,20
5038,5038,0,21
5039,5039,0,9
5040,5040,0,17
5041,5041,0,10
5042,5042,0,10
5043,5043,0,4
5044,5044,0,-2
5045,5045,0,15
5046,5046,0,11
5047,5047,0,15
5048,5048,0,18
5049,5049,0,23
5050,5050,0,16
5051,5051,0,11
5052,5052,0,10
5053,5053,0,7
5054,5054,0,8
5055,5055,0,17
5056,5056,0,13
5057,5057,0,8
5058,5058,0,12
5059,5059,0,7
5060,5060,0,1
5061,5061,0,5
5062,5062,0,10
5063,5063,0,13
5064,5064,0,11
5065,5065,0,15
5066,5066,0,12
5067,5067,0,11
5068,5068,0,23
5069,5069,0,24
5070,5070,0,18
5071,5071,0,14
5072,5072,0,19
5073,5073,0,10
5074,5074,0,13
5075,5075,0,17
5076,5076,0,14
5077,5077,0,13
5078,5078,0,7
5079,5079,0,17
5080,5080,0,11
5081,5081,0,18
5082,5082,0,20
5083,5083,0,28
5084,5084,0,24
5085,5085,0,13
5086,5086,0,23
5087,5087,0,18
5088,5088,0,11
5089,5089,0,15
5090,5090,0,20
5091,5091,0,10
5092,5092,0,22
5093,5093,0,19
5094,5094,0,18
5095,5095,0,18
5096,5096,0,19
5097,5097,0,18
5098,5098,0,19
5099,5099,0,27
5100,5100,0,26
5101,5101,0,20
5102,5102,0,16
5103,5103,0,17
5104,5104,0,13
5105,5105,0,8
5106,5106,0,15
5107,5107,0,16
5108,5108,0,10
5109,5109,0,15
5110,5110,0,6
5111,5111,0,7
5112,5112,0,7
5113,5113,0,7
5114,5114,0,9
5115,5115,0,3
5116,5116,0,8
5117,5117,0,9
5118,5118,0,7
5119,5119,0,9
5120,5120,0,6
5121,5121,0,7
5122,5122,0,5
5123,5123,0,5
5124,5124,0,5
5125,5125,0,11
5126,5126,0,8
5127,5127,0,15
5128,5128,0,3
5129,5129,0,3
5130,5130,0,5
5131,5131,0,6
5132,5132,0,1
5133,5133,0,3
5134,5134,0,9
5135,5135,0,7
5136,5136,0,13
5137,5137,0,11
5138,5138,0,6
5139,5139,0,17
5140,5140,0,21
5141,5141,0,11
5142,5142,0,12
5143,5143,0,17
5144,5144,0,7
5145,5145,0,12
5146,5146,0,11
5147,5147,0,9
5148,5148,0,22
5149,5149,0,21
5150,5150,0,22
5151,5151,0,18
5152,5152,0,9
5153,5153,0,12
5154,5154,0,7
5155,5155,0,19
5156,5156,0,14
5157,5157,0,12
5158,5158,0,10
5159,5159,0,21
5160,5160,0,11
5161,5161,0,16
5162,5162,0,8
5163,5163,0,21
5164,5164,0,14
5165,5165,0,15
5166,5166,0,16
5167,5167,0,15
5168,5168,0,16
5169,5169,0,11
5170,5170,0,28
5171,5171,0,24
5172,5172,0,22
5173,5173,0,15
5174,5174,0,10
5175,5175,0,15
5176,5176,0,20
5177,5177,0,16
5178,5178,0,18
5179,5179,0,11
5180,5180,0,10
5181,5181,0,11
5182,5182,0,18
5183,5183,0,28
5184,5184,0,16
5185,5185,0,10
5186,5186,0,12
5187,5187,0,4
5188,5188,0,16
5189,5189,0,6
5190,5190,0,8
5191,5191,0,4
5192,5192,0,8
5193,5193,0,13
5194,5194,0,4
5195,5195,0,3
5196,5196,0,6
5197,5197,0,16
5198,5198,0,8
5199,5199,0,11
5200,5200,0,15
5201,5201,0,18
5202,5202,0,22
5203,5203,0,10
5204,5204,0,-1
5205,5205,0,12
5206,5206,0,13
5207,5207,0,17
5208,5208,0,19
5209,5209,0,21
5210,5210,0,21
5211,5211,0,26
5212,5212,0,17
5213,5213,0,4
5214,5214,0,8
5215,5215,0,2
5216,5216,0,6
5217,5217,0,5
5218,5218,0,17
5219,5219,0,11
5220,5220,0,21
5221,5221,0,9
5222,5222,0,1
5223,5223,0,23
5224,5224,0,3
5225,5225,0,14
5226,5226,0,7
5227,5227,0,11
5228,5228,0,24
5229,5229,0,18
5230,5230,0,24
5231,5231,0,15
5232,5232,0,16
5233,5233,0,17
5234,5234,0,19
5235,5235,0,28
5236,5236,0,23
5237,5237,0,17
5238,5238,0,9
5239,5239,0,17
5240,5240,0,15
5241,5241,0,3
5242,5242,0,17
5243,5243,0,16
5244,5244,0,11
5245,5245,0,16
5246,5246,0,21
5247,5247,0,14
5248,5248,0,16
5249,5249,0,11
5250,5250,0,14
5251,5251,0,13
5252,5252,0,18
5253,5253,0,12
5254,5254,0,6
5255,5255,0,18
5256,5256,0,11
5257,5257,0,16
5258,5258,0,23
5259,5259,0,14
5260,5260,0,15
5261,5261,0,7
5262,5262,0,11
5263,5263,0,8
5264,5264,0,19
5265,5265,0,17
5266,5266,0,16
5267,5267,0,13
5268,5268,0,5
5269,5269,0,7
5270,5270,0,10
5271,5271,0,8
5272,5272,0,8
5273,5273,0,5
5274,5274,0,14
5275,5275,0,7
5276,5276,0,5
5277,5277,0,10
5278,5278,0,7
5279,5279,0,5
5280,5280,0,7
5281,5281,0,2
5282,5282,0,21
5283,5283,0,18
5284,5284,0,6
5285,5285,0,2
5286,5286,0,16
5287,5287,0,4
5288,5288,0,17
5289,5289,0,18
5290,5290,0,21
5291,5291,0,14
5292,5292,0,9
5293,5293,0,6
5294,5294,0,5
5295,5295,0,16
5296,5296,0,19
5297,5297,0,21
5298,5298,0,13
5299,5299,0,6
5300,5300,0,9
5301,5301,0,3
5302,5302,0,7
5303,5303,0,5
5304,5304,0,6
5305,5305,0,5
5306,5306,0,4
5307,5307,0,0
5308,5308,0,8
5309,5309,0,12
5310,5310,0,11
5311,5311,0,11
5312,5312,0,8
5313,5313,0,18
5314,5314,0,7
5315,5315,0,11
5316,5316,0,14
5317,5317,0,12
5318,5318,0,15
5319,5319,0,18
5320,5320,0,17
5321,5321,0,23
5322,5322,0,14
5323,5323,0,18
5324,5324,0,12
5325,5325,0,14
5326,5326,0,20
5327,5327,0,23
5328,5328,0,24
5329,5329,0,18
5330,5330,0,14
5331,5331,0,21
5332,5332,0,17
5333,5333,0,17
5334,5334,0,18
5335,5335,0,18
5336,5336,0,20
5337,5337,0,21
5338,5338,0,20
5339,5339,0,18
5340,5340,0,18
5341,5341,0,9
5342,5342,0,16
5343,5343,0,16
5344,5344,0,9
5345,5345,0,7
5346,5346,0,11
5347,5347,0,6
5348,5348,0,13
5349,5349,0,21
5350,5350,0,19
5351,5351,0,8
5352,5352,0,16
5353,5353,0,11
5354,5354,0,9
5355,5355,0,6
5356,5356,0,13
5357,5357,0,10
5358,5358,0,7
5359,5359,0,8
5360,5360,0,6
5361,5361,0,7
5362,5362,0,3
5363,5363,0,14
5364,5364,0,13
5365,5365,0,6
5366,5366,0,5
5367,5367,0,9
5368,5368,0,15
5369,5369,0,14
5370,5370,0,13
5371,5371,0,1
5372,5372,0,4
5373,5373,0,11
5374,5374,0,4
5375,5375,0,5
5376,5376,0,17
5377,5377,0,16
5378,5378,0,20
5379,5379,0,7
5380,5380,0,17
5381,5381,0,8
5382,5382,0,8
5383,5383,0,5
5384,5384,0,6
5385,5385,0,20
5386,5386,0,23
5387,5387,0,19
5388,5388,0,13
5389,5389,0,6
5390,5390,0,12
5391,5391,0,16
5392,5392,0,13
5393,5393,0,8
5394,5394,0,9
5395,5395,0,8
5396,5396,0,7
5397,5397,0,21
5398,5398,0,18
5399,5399,0,19
5400,5400,0,25
5401,5401,0,25
5402,5402,0,23
5403,5403,0,13
5404,5404,0,15
5405,5405,0,26
5406,5406,0,16
5407,5407,0,20
5408,5408,0,23
5409,5409,0,17
5410,5410,0,15
5411,5411,0,19
5412,5412,0,23
5413,5413,0,17
5414,5414,0,25
5415,5415,0,23
5416,5416,0,8
5417,5417,0,16
5418,5418,0,17
5419,5419,0,20
5420,5420,0,18
5421,5421,0,12
5422,5422,0,23
5423,5423,0,18
5424,5424,0,15
5425,5425,0,13
5426,5426,0,18
5427,5427,0,13
5428,5428,0,11
5429,5429,0,13
5430,5430,0,14
5431,5431,0,17
5432,5432,0,17
5433,5433,0,18
5434,5434,0,12
5435,5435,0,17
5436,5436,0,19
5437,5437,0,10
5438,5438,0,12
5439,5439,0,11
5440,5440,0,8
5441,5441,0,13
5442,5442,0,12
5443,5443,0,2
5444,5444,0,7
5445,5445,0,7
5446,5446,0,8
5447,5447,0,3
5448,5448,0,6
5449,5449,0,6
5450,5450,0,6
5451,5451,0,9
5452,5452,0,11
5453,5453,0,6
5454,5454,0,7
5455,5455,0,11
5456,5456,0,-1
5457,5457,0,9
5458,5458,0,10
5459,5459,0,11
5460,5460,0,6
5461,5461,0,7
5462,5462,0,6
5463,5463,0,12
5464,5464,0,12
5465,5465,0,18
5466,5466,0,5
5467,5467,0,6
5468,5468,0,10
5469,5469,0,3
5470,5470,0,4
5471,5471,0,4
5472,5472,0,17
5473,5473,0,9
5474,5474,0,22
5475,5475,0,12
5476,5476,0,19
5477,5477,0,14
5478,5478,0,30
5479,5479,0,30
5480,5480,0,25
5481,5481,0,21
5482,5482,0,20
5483,5483,0,11
5484,5484,0,17
5485,5485,0,18
5486,5486,0,14
5487,5487,0,14
5488,5488,0,13
5489,5489,0,18
5490,5490,0,18
5491,5491,0,13
5492,5492,0,15
5493,5493,0,12
5494,5494,0,17
5495,5495,0,9
5496,5496,0,13
5497,5497,0,18
5498,5498,0,12
5499,5499,0,14
5500,5500,0,18
5501,5501,0,16
5502,5502,0,11
5503,5503,0,13
5504,5504,0,14
5505,5505,0,19
5506,5506,0,21
5507,5507,0,6
5508,5508,0,12
5509,5509,0,12
5510,5510,0,20
5511,5511,0,10
5512,5512,0,20
5513,5513,0,27
5514,5514,0,19
5515,5515,0,19
5516,5516,0,12
5517,5517,0,14
5518,5518,0,8
5519,5519,0,11
5520,5520,0,9
5521,5521,0,15
5522,5522,0,9
5523,5523,0,10
5524,5524,0,14
5525,5525,0,14
5526,5526,0,6
5527,5527,0,9
5528,5528,0,3
5529,5529,0,3
5530,5530,0,6
5531,5531,0,0
5532,5532,0,2
5533,5533,0,16
5534,5534,0,-2
5535,5535,0,5
5536,5536,0,5
5537,5537,0,3
5538,5538,0,17
5539,5539,0,3
5540,5540,0,1
5541,5541,0,5
5542,5542,0,14
5543,5543,0,14
5544,5544,0,16
5545,5545,0,12
5546,5546,0,9
5547,5547,0,12
5548,5548,0,10
5549,5549,0,4
5550,5550,0,14
5551,5551,0,11
5552,5552,0,12
5553,5553,0,13
5554,5554,0,16
5555,5555,0,9
5556,5556,0,15
5557,5557,0,17
5558,5558,0,33
5559,5559,0,13
5560,5560,0,17
5561,5561,0,15
5562,5562,0,14
5563,5563,0,10
5564,5564,0,23
5565,5565,0,17
5566,5566,0,19
5567,5567,0,12
5568,5568,0,5
5569,5569,0,11
5570,5570,0,16
5571,5571,0,22
5572,5572,0,24
5573,5573,0,9
5574,5574,0,7
5575,5575,0,9
5576,5576,0,17
5577,5577,0,13
5578,5578,0,8
5579,5579,0,12
5580,5580,0,15
5581,5581,0,13
5582,5582,0,20
5583,5583,0,15
5584,5584,0,12
5585,5585,0,13
5586,5586,0,17
5587,5587,0,9
5588,5588,0,3
5589,5589,0,6
5590,5590,0,7
5591,5591,0,21
5592,5592,0,8
5593,5593,0,9
5594,5594,0,12
5595,5595,0,15
5596,5596,0,10
5597,5597,0,5
5598,5598,0,8
5599,5599,0,14
5600,5600,0,6
5601,5601,0,9
5602,5602,0,15
5603,5603,0,6
5604,5604,0,10
5605,5605,0,9
5606,5606,0,13
5607,5607,0,4
5608,5608,0,1
5609,5609,0,8
5610,5610,0,11
5611,5611,0,12
5612,5612,0,10
5613,5613,0,11
5614,5614,0,11
5615,5615,0,8
5616,5616,0,14
5617,5617,0,6
5618,5618,0,13
5619,5619,0,18
5620,5620,0,10
5621,5621,0,10
5622,5622,0,13
5623,5623,0,12
5624,5624,0,9
5625,5625,0,4
5626,5626,0,3
5627,5627,0,11
5628,5628,0,20
5629,5629,0,11
5630,5630,0,15
5631,5631,0,4
5632,5632,0,9
5633,5633,0,16
5634,5634,0,17
5635,5635,0,14
5636,5636,0,12
5637,5637,0,10
5638,5638,0,14
5639,5639,0,21
5640,5640,0,21
5641,5641,0,22
5642,5642,0,18
5643,5643,0,24
5644,5644,0,22
5645,5645,0,19
5646,5646,0,12
5647,5647,0,10
5648,5648,0,15
5649,5649,0,16
5650,5650,0,14
5651,5651,0,18
5652,5652,0,16
5653,5653,0,17
5654,5654,0,13
5655,5655,0,15
5656,5656,0,21
5657,5657,0,11
5658,5658,0,9
5659,5659,0,13
5660,5660,0,12
5661,5661,0,16
5662,5662,0,18
5663,5663,0,18
5664,5664,0,14
5665,5665,0,14
5666,5666,0,10
5667,5667,0,12
5668,5668,0,6
5669,5669,0,13
5670,5670,0,4
5671,5671,0,12
5672,5672,0,12
5673,5673,0,9
5674,5674,0,2
5675,5675,0,9
5676,5676,0,14
5677,5677,0,9
5678,5678,0,7
5679,5679,0,20
5680,5680,0,13
5681,5681,0,10
5682,5682,0,18
5683,5683,0,5
5684,5684,0,8
5685,5685,0,17
5686,5686,0,18
5687,5687,0,20
5688,5688,0,21
5689,5689,0,22
5690,5690,0,4
5691,5691,0,-4
5692,5692,0,3
5693,5693,0,13
5694,5694,0,10
5695,5695,0,13
5696,5696,0,9
5697,5697,0,9
5698,5698,0,1
5699,5699,0,6
5700,5700,0,9
5701,5701,0,10
5702,5702,0,13
5703,5703,0,15
5704,5704,0,17
5705,5705,0,7
5706,5706,0,13
5707,5707,0,13
5708,5708,0,8
5709,5709,0,13
5710,5710,0,12
5711,5711,0,10
5712,5712,0,6
5713,5713,0,18
5714,5714,0,11
5715,5715,0,19
5716,5716,0,20
5717,5717,0,21
5718,5718,0,26
5719,5719,0,29
5720,5720,0,18
5721,5721,0,16
5722,5722,0,15
5723,5723,0,11
5724,5724,0,9
5725,5725,0,18
5726,5726,0,20
5727,5727,0,10
5728,5728,0,13
5729,5729,0,14
5730,5730,0,10
5731,5731,0,18
5732,5732,0,14
5733,5733,0,19
5734,5734,0,13
5735,5735,0,19
5736,5736,0,13
5737,5737,0,19
5738,5738,0,14
5739,5739,0,12
5740,5740,0,12
5741,5741,0,19
5742,5742,0,11
5743,5743,0,6
5744,5744,0,7
5745,5745,0,8
5746,5746,0,9
5747,5747,0,23
5748,5748,0,20
5749,5749,0,13
5750,5750,0,16
5751,5751,0,13
5752,5752,0,5
5753,5753,0,11
5754,5754,0,10
5755,5755,0,18
5756,5756,0,16
5757,5757,0,9
5758,5758,0,2
5759,5759,0,6
5760,5760,0,14
5761,5761,0,14
5762,5762,0,15
5763,5763,0,4
5764,5764,0,6
5765,5765,0,9
5766,5766,0,6
5767,5767,0,-3
5768,5768,0,10
5769,5769,0,9
5770,5770,0,10
5771,5771,0,2
5772,5772,0,2
5773,5773,0,-1
5774,5774,0,-1
5775,5775,0,2
5776,5776,0,13
5777,5777,0,5
5778,5778,0,10
5779,5779,0,8
5780,5780,0,13
5781,5781,0,12
5782,5782,0,21
5783,5783,0,13
5784,5784,0,18
5785,5785,0,18
5786,5786,0,0
5787,5787,0,11
5788,5788,0,14
5789,5789,0,13
5790,5790,0,11
5791,5791,0,11
5792,5792,0,14
5793,5793,0,16
5794,5794,0,16
5795,5795,0,17
5796,5796,0,13
5797,5797,0,7
5798,5798,0,22
5799,5799,0,24
5800,5800,0,18
5801,5801,0,16
5802,5802,0,14
5803,5803,0,21
5804,5804,0,11
5805,5805,0,10
5806,5806,0,17
5807,5807,0,18
5808,5808,0,8
5809,5809,0,16
5810,5810,0,18
5811,5811,0,15
5812,5812,0,19
5813,5813,0,8
5814,5814,0,14
5815,5815,0,15
5816,5816,0,18
5817,5817,0,23
5818,5818,0,15
5819,5819,0,14
5820,5820,0,13
5821,5821,0,8
5822,5822,0,6
5823,5823,0,12
5824,5824,0,6
5825,5825,0,6
5826,5826,0,15
5827,5827,0,9
5828,5828,0,8
5829,5829,0,1
5830,5830,0,18
5831,5831,0,18
5832,5832,0,11
5833,5833,0,5
5834,5834,0,5
5835,5835,0,13
5836,5836,0,7
5837,5837,0,3
5838,5838,0,3
5839,5839,0,4
5840,5840,0,12
5841,5841,0,3
5842,5842,0,5
5843,5843,0,3
5844,5844,0,11
5845,5845,0,12
5846,5846,0,12
5847,5847,0,-1
5848,5848,0,0
5849,5849,0,8
5850,5850,0,1
5851,5851,0,9
5852,5852,0,10
5853,5853,0,2
5854,5854,0,6
5855,5855,0,4
5856,5856,0,7
5857,5857,0,10
5858,5858,0,15
5859,5859,0,9
5860,5860,0,22
5861,5861,0,18
5862,5862,0,25
5863,5863,0,22
5864,5864,0,15
5865,5865,0,15
5866,5866,0,13
5867,5867,0,15
5868,5868,0,13
5869,5869,0,7
5870,5870,0,12
5871,5871,0,12
5872,5872,0,9
5873,5873,0,11
5874,5874,0,13
5875,5875,0,11
5876,5876,0,15
5877,5877,0,15
5878,5878,0,7
5879,5879,0,10
5880,5880,0,13
5881,5881,0,11
5882,5882,0,15
5883,5883,0,25
5884,5884,0,24
5885,5885,0,23
5886,5886,0,13
5887,5887,0,18
5888,5888,0,13
5889,5889,0,16
5890,5890,0,19
5891,5891,0,14
5892,5892,0,17
5893,5893,0,17
5894,5894,0,22
5895,5895,0,7
5896,5896,0,12
5897,5897,0,17
5898,5898,0,13
5899,5899,0,12
5900,5900,0,14
5901,5901,0,18
5902,5902,0,12
5903,5903,0,14
5904,5904,0,10
5905,5905,0,11
5906,5906,0,8
5907,5907,0,19
5908,5908,0,17
5909,5909,0,8
5910,5910,0,8
5911,5911,0,6
5912,5912,0,11
5913,5913,0,3
5914,5914,0,9
5915,5915,0,4
5916,5916,0,12
5917,5917,0,1
5918,5918,0,4
5919,5919,0,1
5920,5920,0,17
5921,5921,0,7
5922,5922,0,15
5923,5923,0,1
5924,5924,0,15
5925,5925,0,14
5926,5926,0,9
5927,5927,0,12
5928,5928,0,14
5929,5929,0,5
5930,5930,0,7
5931,5931,0,9
5932,5932,0,6
5933,5933,0,8
5934,5934,0,5
5935,5935,0,7
5936,5936,0,8
5937,5937,0,4
5938,5938,0,14
5939,5939,0,16
5940,5940,0,14
5941,5941,0,1
5942,5942,0,-1
5943,5943,0,1
5944,5944,0,4
5945,5945,0,13
5946,5946,0,7
5947,5947,0,13
5948,5948,0,3
5949,5949,0,11
5950,5950,0,10
5951,5951,0,18
5952,5952,0,21
5953,5953,0,22
5954,5954,0,17
5955,5955,0,14
5956,5956,0,12
5957,5957,0,15
5958,5958,0,15
5959,5959,0,11
5960,5960,0,5
5961,5961,0,14
5962,5962,0,6
5963,5963,0,17
5964,5964,0,18
5965,5965,0,18
5966,5966,0,14
5967,5967,0,10
5968,5968,0,18
5969,5969,0,13
5970,5970,0,24
5971,5971,0,26
5972,5972,0,25
5973,5973,0,15
5974,5974,0,18
5975,5975,0,12
5976,5976,0,9
5977,5977,0,8
5978,5978,0,13
5979,5979,0,16
5980,5980,0,21
5981,5981,0,17
5982,5982,0,28
5983,5983,0,9
5984,5984,0,16
5985,5985,0,17
5986,5986,0,18
5987,5987,0,6
5988,5988,0,17
5989,5989,0,16
5990,5990,0,23
5991,5991,0,22
5992,5992,0,7
5993,5993,0,24
5994,5994,0,20
5995,5995,0,18
5996,5996,0,16
5997,5997,0,9
5998,5998,0,26
5999,5999,0,21
6000,6000,0,9
6001,6001,0,7
6002,6002,0,14
6003,6003,0,5
6004,6004,0,5
6005,6005,0,2
6006,6006,0,20
6007,6007,0,5
6008,6008,0,11
6009,6009,0,6
6010,6010,0,15
6011,6011,0,16
6012,6012,0,16
6013,6013,0,0
6014,6014,0,-1
6015,6015,0,5
6016,6016,0,7
6017,6017,0,11
6018,6018,0,13
6019,6019,0,14
6020,6020,0,6
6021,6021,0,12
6022,6022,0,16
6023,6023,0,5
6024,6024,0,14
6025,6025,0,15
6026,6026,0,13
6027,6027,0,10
6028,6028,0,15
6029,6029,0,11
6030,6030,0,11
6031,6031,0,12
6032,6032,0,11
6033,6033,0,10
6034,6034,0,10
6035,6035,0,9
6036,6036,0,16
6037,6037,0,16
6038,6038,0,20
6039,6039,0,18
6040,6040,0,17
6041,6041,0,14
6042,6042,0,16
6043,6043,0,13
6044,6044,0,15
6045,6045,0,10
6046,6046,0,19
6047,6047,0,18
6048,6048,0,24
6049,6049,0,7
6050,6050,0,18
6051,6051,0,19
6052,6052,0,17
6053,6053,0,18
6054,6054,0,18
6055,6055,0,20
6056,6056,0,19
6057,6057,0,25
6058,6058,0,18
6059,6059,0,14
6060,6060,0,9
6061,6061,0,14
6062,6062,0,18
6063,6063,0,15
6064,6064,0,12
6065,6065,0,12
6066,6066,0,14
6067,6067,0,8
6068,6068,0,16
6069,6069,0,5
6070,6070,0,10
6071,6071,0,11
6072,6072,0,11
6073,6073,0,18
6074,6074,0,8
6075,6075,0,3
6076,6076,0,5
6077,6077,0,9
6078,6078,0,3
6079,6079,0,10
6080,6080,0,8
6081,6081,0,7
6082,6082,0,2
6083,6083,0,6
6084,6084,0,5
6085,6085,0,2
6086,6086,0,13
6087,6087,0,14
6088,6088,0,12
6089,6089,0,3
6090,6090,0,-2
6091,6091,0,5
6092,6092,0,2
6093,6093,0,5
6094,6094,0,13
6095,6095,0,5
6096,6096,0,-2
6097,6097,0,5
6098,6098,0,8
6099,6099,0,5
6100,6100,0,14
6101,6101,0,12
6102,6102,0,8
6103,6103,0,1
6104,6104,0,16
6105,6105,0,14
6106,6106,0,7
6107,6107,0,9
6108,6108,0,17
6109,6109,0,17
6110,6110,0,15
6111,6111,0,17
6112,6112,0,11
6113,6113,0,10
6114,6114,0,8
6115,6115,0,22
6116,6116,0,13
6117,6117,0,17
6118,6118,0,19
6119,6119,0,22
6120,6120,0,10
6121,6121,0,13
6122,6122,0,13
6123,6123,0,15
6124,6124,0,8
6125,6125,0,12
6126,6126,0,14
6127,6127,0,13
6128,6128,0,10
6129,6129,0,12
6130,6130,0,16
6131,6131,0,17
6132,6132,0,25
6133,6133,0,23
6134,6134,0,20
6135,6135,0,5
6136,6136,0,14
6137,6137,0,17
6138,6138,0,12
6139,6139,0,21
6140,6140,0,13
6141,6141,0,3
6142,6142,0,11
6143,6143,0,10
6144,6144,0,18
6145,6145,0,14
6146,6146,0,12
6147,6147,0,16
6148,6148,0,8
6149,6149,0,16
6150,6150,0,19
6151,6151,0,13
6152,6152,0,20
6153,6153,0,9
6154,6154,0,7
6155,6155,0,6
6156,6156,0,1
6157,6157,0,-1
6158,6158,0,9
6159,6159,0,9
6160,6160,0,16
6161,6161,0,17
6162,6162,0,8
6163,6163,0,5
6164,6164,0,3
6165,6165,0,13
6166,6166,0,9
6167,6167,0,4
6168,6168,0,11
6169,6169,0,9
6170,6170,0,19
6171,6171,0,13
6172,6172,0,18
6173,6173,0,16
6174,6174,0,14
6175,6175,0,6
6176,6176,0,5
6177,6177,0,2
6178,6178,0,8
6179,6179,0,10
6180,6180,0,1
6181,6181,0,5
6182,6182,0,15
6183,6183,0,22
6184,6184,0,11
6185,6185,0,14
6186,6186,0,13
6187,6187,0,24
6188,6188,0,16
6189,6189,0,20
6190,6190,0,15
6191,6191,0,13
6192,6192,0,10
6193,6193,0,8
6194,6194,0,13
6195,6195,0,12
6196,6196,0,15
6197,6197,0,20
6198,6198,0,15
6199,6199,0,15
6200,6200,0,16
6201,6201,0,13
6202,6202,0,22
6203,6203,0,25
6204,6204,0,18
6205,6205,0,11
6206,6206,0,28
6207,6207,0,13
6208,6208,0,12
6209,6209,0,14
6210,6210,0,12
6211,6211,0,14
6212,6212,0,18
6213,6213,0,20
6214,6214,0,14
6215,6215,0,7
6216,6216,0,17
6217,6217,0,13
6218,6218,0,17
6219,6219,0,23
6220,6220,0,15
6221,6221,0,4
6222,6222,0,9
6223,6223,0,12
6224,6224,0,13
6225,6225,0,10
6226,6226,0,18
6227,6227,0,15
6228,6228,0,13
6229,6229,0,12
6230,6230,0,7
6231,6231,0,19
6232,6232,0,14
6233,6233,0,14
6234,6234,0,11
6235,6235,0,1
6236,6236,0,8
6237,6237,0,17
6238,6238,0,8
6239,6239,0,8
6240,6240,0,3
6241,6241,0,6
6242,6242,0,15
6243,6243,0,12
6244,6244,0,10
6245,6245,0,10
6246,6246,0,14
6247,6247,0,5
6248,6248,0,14
6249,6249,0,9
6250,6250,0,12
6251,6251,0,7
6252,6252,0,9
6253,6253,0,5
6254,6254,0,-1
6255,6255,0,6
6256,6256,0,14
6257,6257,0,4
6258,6258,0,10
6259,6259,0,14
6260,6260,0,16
6261,6261,0,8
6262,6262,0,2
6263,6263,0,5
6264,6264,0,13
6265,6265,0,17
6266,6266,0,7
6267,6267,0,12
6268,6268,0,13
6269,6269,0,18
6270,6270,0,14
6271,6271,0,10
6272,6272,0,8
6273,6273,0,16
6274,6274,0,9
6275,6275,0,12
6276,6276,0,12
6277,6277,0,3
6278,6278,0,18
6279,6279,0,9
6280,6280,0,24
6281,6281,0,13
6282,6282,0,12
6283,6283,0,16
6284,6284,0,15
6285,6285,0,13
6286,6286,0,20
6287,6287,0,19
6288,6288,0,15
6289,6289,0,20
6290,6290,0,21
6291,6291,0,15
6292,6292,0,13
6293,6293,0,16
6294,6294,0,13
6295,6295,0,25
6296,6296,0,20
6297,6297,0,9
6298,6298,0,14
6299,6299,0,10
6300,6300,0,10
6301,6301,0,18
6302,6302,0,10
6303,6303,0,17
6304,6304,0,14
6305,6305,0,11
6306,6306,0,14
6307,6307,0,12
6308,6308,0,11
6309,6309,0,7
6310,6310,0,10
6311,6311,0,4
6312,6312,0,7
6313,6313,0,4
6314,6314,0,14
6315,6315,0,18
6316,6316,0,3
6317,6317,0,9
6318,6318,0,12
6319,6319,0,3
6320,6320,0,12
6321,6321,0,16
6322,6322,0,15
6323,6323,0,2
6324,6324,0,8
6325,6325,0,5
6326,6326,0,11
6327,6327,0,3
6328,6328,0,1
6329,6329,0,11
6330,6330,0,14
6331,6331,0,9
6332,6332,0,8
6333,6333,0,2
6334,6334,0,15
6335,6335,0,1
6336,6336,0,6
6337,6337,0,1
6338,6338,0,7
6339,6339,0,8
6340,6340,0,12
6341,6341,0,20
6342,6342,0,18
6343,6343,0,18
6344,6344,0,14
6345,6345,0,9
6346,6346,0,13
6347,6347,0,12
6348,6348,0,3
6349,6349,0,15
6350,6350,0,21
6351,6351,0,13
6352,6352,0,8
6353,6353,0,10
6354,6354,0,12
6355,6355,0,16
6356,6356,0,19
6357,6357,0,20
6358,6358,0,15
6359,6359,0,17
6360,6360,0,16
6361,6361,0,18
6362,6362,0,16
6363,6363,0,8
6364,6364,0,16
6365,6365,0,21
6366,6366,0,23
6367,6367,0,12
6368,6368,0,16
6369,6369,0,14
6370,6370,0,20
6371,6371,0,15
6372,6372,0,7
6373,6373,0,19
6374,6374,0,19
6375,6375,0,22
6376,6376,0,13
6377,6377,0,12
6378,6378,0,7
6379,6379,0,7
6380,6380,0,16
6381,6381,0,22
6382,6382,0,9
6383,6383,0,19
6384,6384,0,11
6385,6385,0,16
6386,6386,0,16
6387,6387,0,19
6388,6388,0,23
6389,6389,0,16
6390,6390,0,10
6391,6391,0,18
6392,6392,0,12
6393,6393,0,3
6394,6394,0,16
6395,6395,0,8
6396,6396,0,8
6397,6397,0,8
6398,6398,0,17
6399,6399,0,4
6400,6400,0,0
6401,6401,0,11
6402,6402,0,3
6403,6403,0,9
6404,6404,0,11
6405,6405,0,13
6406,6406,0,10
6407,6407,0,12
6408,6408,0,8
6409,6409,0,15
6410,6410,0,8
6411,6411,0,0
6412,6412,0,3
6413,6413,0,1
6414,6414,0,6
6415,6415,0,6
6416,6416,0,8
6417,6417,0,10
6418,6418,0,5
6419,6419,0,-1
6420,6420,0,3
6421,6421,0,6
6422,6422,0,14
6423,6423,0,8
6424,6424,0,14
6425,6425,0,4
6426,6426,0,8
6427,6427,0,4
6428,6428,0,8
6429,6429,0,13
6430,6430,0,15
6431,6431,0,23
6432,6432,0,10
6433,6433,0,14
6434,6434,0,15
6435,6435,0,9
6436,6436,0,13
6437,6437,0,16
6438,6438,0,19
6439,6439,0,27
6440,6440,0,19
6441,6441,0,16
6442,6442,0,18
6443,6443,0,9
6444,6444,0,15
6445,6445,0,15
6446,6446,0,13
6447,6447,0,23
6448,6448,0,14
6449,6449,0,15
6450,6450,0,17
6451,6451,0,15
6452,6452,0,23
6453,6453,0,15
6454,6454,0,7
6455,6455,0,11
6456,6456,0,13
6457,6457,0,18
6458,6458,0,19
6459,6459,0,13
6460,6460,0,11
6461,6461,0,9
6462,6462,0,25
6463,6463,0,12
6464,6464,0,16
6465,6465,0,14
6466,6466,0,12
6467,6467,0,13
6468,6468,0,13
6469,6469,0,12
6470,6470,0,6
6471,6471,0,12
6472,6472,0,13
6473,6473,0,5
6474,6474,0,5
6475,6475,0,6
6476,6476,0,5
6477,6477,0,21
6478,6478,0,15
6479,6479,0,16
6480,6480,0,11
6481,6481,0,7
6482,6482,0,5
6483,6483,0,6
6484,6484,0,12
6485,6485,0,1
6486,6486,0,1
6487,6487,0,11
6488,6488,0,10
6489,6489,0,15
6490,6490,0,7
6491,6491,0,18
6492,6492,0,14
6493,6493,0,4
6494,6494,0,3
6495,6495,0,14
6496,6496,0,-2
6497,6497,0,2
6498,6498,0,9
6499,6499,0,11
6500,6500,0,1
6501,6501,0,7
6502,6502,0,11
6503,6503,0,11
6504,6504,0,8
6505,6505,0,3
6506,6506,0,9
6507,6507,0,10
6508,6508,0,23
6509,6509,0,9
6510,6510,0,17
6511,6511,0,8
6512,6512,0,14
6513,6513,0,11
6514,6514,0,19
6515,6515,0,12
6516,6516,0,11
6517,6517,0,12
6518,6518,0,12
6519,6519,0,14
6520,6520,0,13
6521,6521,0,18
6522,6522,0,18
6523,6523,0,13
6524,6524,0,16
6525,6525,0,20
6526,6526,0,15
6527,6527,0,19
6528,6528,0,18
6529,6529,0,18
6530,6530,0,25
6531,6531,0,15
6532,6532,0,9
6533,6533,0,17
6534,6534,0,10
6535,6535,0,16
6536,6536,0,9
6537,6537,0,11
6538,6538,0,16
6539,6539,0,15
6540,6540,0,21
6541,6541,0,29
6542,6542,0,12
6543,6543,0,13
6544,6544,0,9
6545,6545,0,8
6546,6546,0,8
6547,6547,0,10
6548,6548,0,17
6549,6549,0,5
6550,6550,0,14
6551,6551,0,13
6552,6552,0,23
6553,6553,0,8
6554,6554,0,13
6555,6555,0,8
6556,6556,0,13
6557,6557,0,25
6558,6558,0,9
6559,6559,0,9
6560,6560,0,0
6561,6561,0,16
6562,6562,0,-1
6563,6563,0,3
6564,6564,0,2
6565,6565,0,7
6566,6566,0,6
6567,6567,0,1
6568,6568,0,-8
6569,6569,0,5
6570,6570,0,-2
6571,6571,0,6
6572,6572,0,9
6573,6573,0,9
6574,6574,0,-6
6575,6575,0,2
6576,6576,0,6
6577,6577,0,3
6578,6578,0,21
6579,6579,0,15
6580,6580,0,7
6581,6581,0,7
6582,6582,0,16
6583,6583,0,8
6584,6584,0,4
6585,6585,0,13
6586,6586,0,16
6587,6587,0,13
6588,6588,0,10
6589,6589,0,11
6590,6590,0,18
6591,6591,0,14
6592,6592,0,22
6593,6593,0,15
6594,6594,0,11
6595,6595,0,10
6596,6596,0,12
6597,6597,0,17
6598,6598,0,11
6599,6599,0,11
6600,6600,0,18
6601,6601,0,12
6602,6602,0,7
6603,6603,0,15
6604,6604,0,19
6605,6605,0,16
6606,6606,0,19
6607,6607,0,17
6608,6608,0,13
6609,6609,0,18
6610,6610,0,9
6611,6611,0,15
6612,6612,0,15
6613,6613,0,14
6614,6614,0,17
6615,6615,0,8
6616,6616,0,11
6617,6617,0,16
6618,6618,0,11
6619,6619,0,13
6620,6620,0,12
6621,6621,0,14
6622,6622,0,7
6623,6623,0,13
6624,6624,0,11
6625,6625,0,14
6626,6626,0,6
6627,6627,0,7
6628,6628,0,15
6629,6629,0,14
6630,6630,0,11
6631,6631,0,16
6632,6632,0,9
6633,6633,0,14
6634,6634,0,11
6635,6635,0,12
6636,6636,0,14
6637,6637,0,-2
6638,6638,0,15
6639,6639,0,3
6640,6640,0,-5
6641,6641,0,3
6642,6642,0,19
6643,6643,0,7
6644,6644,0,5
6645,6645,0,5
6646,6646,0,11
6647,6647,0,8
6648,6648,0,14
6649,6649,0,8
6650,6650,0,10
6651,6651,0,14
6652,6652,0,13
6653,6653,0,4
6654,6654,0,1
6655,6655,0,10
6656,6656,0,11
6657,6657,0,25
6658,6658,0,21
6659,6659,0,9
6660,6660,0,11
6661,6661,0,3
6662,6662,0,2
6663,6663,0,14
6664,6664,0,14
6665,6665,0,8
6666,6666,0,19
6667,6667,0,13
6668,6668,0,12
6669,6669,0,5
6670,6670,0,10
6671,6671,0,7
6672,6672,0,13
6673,6673,0,16
6674,6674,0,16
6675,6675,0,22
6676,6676,0,12
6677,6677,0,13
6678,6678,0,13
6679,6679,0,20
6680,6680,0,12
6681,6681,0,15
6682,6682,0,18
6683,6683,0,15
6684,6684,0,9
6685,6685,0,14
6686,6686,0,8
6687,6687,0,12
6688,6688,0,18
6689,6689,0,17
6690,6690,0,11
6691,6691,0,23
6692,6692,0,21
6693,6693,0,10
6694,6694,0,14
6695,6695,0,17
6696,6696,0,11
6697,6697,0,15
6698,6698,0,12
6699,6699,0,12
6700,6700,0,16
6701,6701,0,11
6702,6702,0,10
6703,6703,0,7
6704,6704,0,17
6705,6705,0,13
6706,6706,0,14
6707,6707,0,13
6708,6708,0,17
6709,6709,0,8
6710,6710,0,11
6711,6711,0,7
6712,6712,0,15
6713,6713,0,9
6714,6714,0,10
6715,6715,0,10
6716,6716,0,4
6717,6717,0,1
6718,6718,0,8
6719,6719,0,12
6720,6720,0,4
6721,6721,0,21
6722,6722,0,12
6723,6723,0,7
6724,6724,0,0
6725,6725,0,-2
6726,6726,0,10
6727,6727,0,4
6728,6728,0,-2
6729,6729,0,9
6730,6730,0,12
6731,6731,0,4
6732,6732,0,-2
6733,6733,0,5
6734,6734,0,4
6735,6735,0,8
6736,6736,0,15
6737,6737,0,16
6738,6738,0,6
6739,6739,0,12
6740,6740,0,11
6741,6741,0,9
6742,6742,0,6
6743,6743,0,-2
6744,6744,0,6
6745,6745,0,11
6746,6746,0,7
6747,6747,0,17
6748,6748,0,11
6749,6749,0,15
6750,6750,0,17
6751,6751,0,24
6752,6752,0,23
6753,6753,0,21
6754,6754,0,18
6755,6755,0,16
6756,6756,0,16
6757,6757,0,21
6758,6758,0,13
6759,6759,0,22
6760,6760,0,20
6761,6761,0,19
6762,6762,0,26
6763,6763,0,22
6764,6764,0,20
6765,6765,0,18
6766,6766,0,16
6767,6767,0,21
6768,6768,0,13
6769,6769,0,10
6770,6770,0,21
6771,6771,0,20
6772,6772,0,11
6773,6773,0,11
6774,6774,0,15
6775,6775,0,12
6776,6776,0,11
6777,6777,0,17
6778,6778,0,7
6779,6779,0,18
6780,6780,0,20
6781,6781,0,20
6782,6782,0,27
6783,6783,0,16
6784,6784,0,13
6785,6785,0,17
6786,6786,0,10
6787,6787,0,10
6788,6788,0,10
6789,6789,0,13
6790,6790,0,18
6791,6791,0,14
6792,6792,0,4
6793,6793,0,10
6794,6794,0,14
6795,6795,0,12
6796,6796,0,3
6797,6797,0,18
6798,6798,0,4
6799,6799,0,7
6800,6800,0,1
6801,6801,0,6
6802,6802,0,12
6803,6803,0,14
6804,6804,0,8
6805,6805,0,12
6806,6806,0,11
6807,6807,0,17
6808,6808,0,11
6809,6809,0,6
6810,6810,0,10
6811,6811,0,3
6812,6812,0,12
6813,6813,0,9
6814,6814,0,1
6815,6815,0,15
6816,6816,0,4
6817,6817,0,4
6818,6818,0,9
6819,6819,0,19
6820,6820,0,11
6821,6821,0,3
6822,6822,0,6
6823,6823,0,6
6824,6824,0,5
6825,6825,0,2
6826,6826,0,4
6827,6827,0,12
6828,6828,0,8
6829,6829,0,6
6830,6830,0,20
6831,6831,0,21
6832,6832,0,10
6833,6833,0,16
6834,6834,0,14
6835,6835,0,18
6836,6836,0,16
6837,6837,0,11
6838,6838,0,18
6839,6839,0,20
6840,6840,0,22
6841,6841,0,20
6842,6842,0,16
6843,6843,0,17
6844,6844,0,18
6845,6845,0,15
6846,6846,0,9
6847,6847,0,11
6848,6848,0,7
6849,6849,0,17
6850,6850,0,19
6851,6851,0,21
6852,6852,0,7
6853,6853,0,10
6854,6854,0,8
6855,6855,0,12
6856,6856,0,15
6857,6857,0,14
6858,6858,0,24
6859,6859,0,21
6860,6860,0,6
6861,6861,0,20
6862,6862,0,17
6863,6863,0,23
6864,6864,0,15
6865,6865,0,11
6866,6866,0,9
6867,6867,0,9
6868,6868,0,14
6869,6869,0,16
6870,6870,0,16
6871,6871,0,17
6872,6872,0,9
6873,6873,0,12
6874,6874,0,8
6875,6875,0,16
6876,6876,0,10
6877,6877,0,12
6878,6878,0,5
6879,6879,0,8
6880,6880,0,8
6881,6881,0,8
6882,6882,0,6
6883,6883,0,9
6884,6884,0,14
6885,6885,0,0
6886,6886,0,1
6887,6887,0,-1
6888,6888,0,9
6889,6889,0,15
6890,6890,0,13
6891,6891,0,6
6892,6892,0,8
6893,6893,0,1
6894,6894,0,11
6895,6895,0,17
6896,6896,0,13
6897,6897,0,15
6898,6898,0,1
6899,6899,0,1
6900,6900,0,13
6901,6901,0,1
6902,6902,0,-1
6903,6903,0,3
6904,6904,0,1
6905,6905,0,16
6906,6906,0,18
6907,6907,0,14
6908,6908,0,7
6909,6909,0,2
6910,6910,0,20
6911,6911,0,10
6912,6912,0,18
6913,6913,0,18
6914,6914,0,20
6915,6915,0,14
6916,6916,0,12
6917,6917,0,10
6918,6918,0,11
6919,6919,0,13
6920,6920,0,17
6921,6921,0,10
6922,6922,0,17
6923,6923,0,15
6924,6924,0,12
6925,6925,0,9
6926,6926,0,13
6927,6927,0,12
6928,6928,0,15
6929,6929,0,16
6930,6930,0,17
6931,6931,0,17
6932,6932,0,23
6933,6933,0,6
6934,6934,0,16
6935,6935,0,10
6936,6936,0,6
6937,6937,0,6
6938,6938,0,14
6939,6939,0,12
6940,6940,0,14
6941,6941,0,11
6942,6942,0,22
6943,6943,0,23
6944,6944,0,28
6945,6945,0,16
6946,6946,0,18
6947,6947,0,11
6948,6948,0,8
6949,6949,0,6
6950,6950,0,8
6951,6951,0,11
6952,6952,0,15
6953,6953,0,18
6954,6954,0,14
6955,6955,0,11
6956,6956,0,1
6957,6957,0,1
6958,6958,0,2
6959,6959,0,-1
6960,6960,0,5
6961,6961,0,3
6962,6962,0,12
6963,6963,0,15
6964,6964,0,10
6965,6965,0,19
6966,6966,0,9
6967,6967,0,7
6968,6968,0,0
6969,6969,0,14
6970,6970,0,8
6971,6971,0,3
6972,6972,0,16
6973,6973,0,11
6974,6974,0,10
6975,6975,0,11
6976,6976,0,21
6977,6977,0,21
6978,6978,0,16
6979,6979,0,9
6980,6980,0,18
6981,6981,0,15
6982,6982,0,7
6983,6983,0,14
6984,6984,0,12
6985,6985,0,7
6986,6986,0,13
6987,6987,0,3
6988,6988,0,9
6989,6989,0,11
6990,6990,0,9
6991,6991,0,22
6992,6992,0,13
6993,6993,0,10
6994,6994,0,4
6995,6995,0,14
6996,6996,0,15
6997,6997,0,26
6998,6998,0,16
6999,6999,0,21
7000,7000,0,17
7001,7001,0,13
7002,7002,0,14
7003,7003,0,17
7004,7004,0,19
7005,7005,0,7
7006,7006,0,6
7007,7007,0,13
7008,7008,0,16
7009,7009,0,23
7010,7010,0,19
7011,7011,0,20
7012,7012,0,20
7013,7013,0,10
7014,7014,0,15
7015,7015,0,14
7016,7016,0,23
7017,7017,0,11
7018,7018,0,18
7019,7019,0,14
7020,7020,0,16
7021,7021,0,17
7022,7022,0,4
7023,7023,0,13
7024,7024,0,14
7025,7025,0,13
7026,7026,0,12
7027,7027,0,7
7028,7028,0,13
7029,7029,0,17
7030,7030,0,10
7031,7031,0,15
7032,7032,0,11
7033,7033,0,9
7034,7034,0,16
7035,7035,0,8
7036,7036,0,4
7037,7037,0,6
7038,7038,0,10
7039,7039,0,7
7040,7040,0,6
7041,7041,0,8
7042,7042,0,8
7043,7043,0,11
7044,7044,0,9
7045,7045,0,5
7046,7046,0,12
7047,7047,0,9
7048,7048,0,11
7049,7049,0,9
7050,7050,0,-1
7051,7051,0,7
7052,7052,0,0
7053,7053,0,8
7054,7054,0,11
7055,7055,0,4
7056,7056,0,6
7057,7057,0,10
7058,7058,0,18
7059,7059,0,8
7060,7060,0,12
7061,7061,0,14
7062,7062,0,2
7063,7063,0,4
7064,7064,0,4
7065,7065,0,10
7066,7066,0,9
7067,7067,0,8
7068,7068,0,11
7069,7069,0,13
7070,7070,0,11
7071,7071,0,12
7072,7072,0,21
7073,7073,0,25
7074,7074,0,17
7075,7075,0,17
7076,7076,0,15
7077,7077,0,13
7078,7078,0,15
7079,7079,0,13
7080,7080,0,16
7081,7081,0,10
7082,7082,0,22
7083,7083,0,14
7084,7084,0,25
7085,7085,0,21
7086,7086,0,29
7087,7087,0,16
7088,7088,0,18
7089,7089,0,22
7090,7090,0,28
7091,7091,0,19
7092,7092,0,13
7093,7093,0,18
7094,7094,0,18
7095,7095,0,16
7096,7096,0,19
7097,7097,0,23
7098,7098,0,20
7099,7099,0,20
7100,7100,0,16
7101,7101,0,14
7102,7102,0,11
7103,7103,0,10
7104,7104,0,10
7105,7105,0,4
7106,7106,0,14
7107,7107,0,18
7108,7108,0,6
7109,7109,0,10
7110,7110,0,10
7111,7111,0,9
7112,7112,0,17
7113,7113,0,20
7114,7114,0,12
7115,7115,0,6
7116,7116,0,13
7117,7117,0,10
7118,7118,0,5
7119,7119,0,5
7120,7120,0,9
7121,7121,0,7
7122,7122,0,1
7123,7123,0,1
7124,7124,0,-1
7125,7125,0,0
7126,7126,0,0
7127,7127,0,5
7128,7128,0,6
7129,7129,0,8
7130,7130,0,2
7131,7131,0,7
7132,7132,0,10
7133,7133,0,25
7134,7134,0,11
7135,7135,0,19
7136,7136,0,9
7137,7137,0,8
7138,7138,0,11
7139,7139,0,11
7140,7140,0,11
7141,7141,0,12
7142,7142,0,16
7143,7143,0,7
7144,7144,0,10
7145,7145,0,11
7146,7146,0,6
7147,7147,0,14
7148,7148,0,23
7149,7149,0,7
7150,7150,0,13
7151,7151,0,18
7152,7152,0,15
7153,7153,0,20
7154,7154,0,12
7155,7155,0,10
7156,7156,0,8
7157,7157,0,15
7158,7158,0,10
7159,7159,0,12
7160,7160,0,9
7161,7161,0,19
7162,7162,0,13
7163,7163,0,28
7164,7164,0,16
7165,7165,0,18
7166,7166,0,11
7167,7167,0,9
7168,7168,0,10
7169,7169,0,16
7170,7170,0,18
7171,7171,0,24
7172,7172,0,20
7173,7173,0,11
7174,7174,0,13
7175,7175,0,19
7176,7176,0,16
7177,7177,0,18
7178,7178,0,15
7179,7179,0,13
7180,7180,0,8
7181,7181,0,14
7182,7182,0,9
7183,7183,0,13
7184,7184,0,7
7185,7185,0,19
7186,7186,0,12
7187,7187,0,16
7188,7188,0,9
7189,7189,0,13
7190,7190,0,10
7191,7191,0,10
7192,7192,0,10
7193,7193,0,7
7194,7194,0,10
7195,7195,0,9
7196,7196,0,10
7197,7197,0,14
7198,7198,0,3
7199,7199,0,7
7200,7200,0,10
7201,7201,0,8
7202,7202,0,15
7203,7203,0,4
7204,7204,0,4
7205,7205,0,7
7206,7206,0,5
7207,7207,0,6
7208,7208,0,8
7209,7209,0,8
7210,7210,0,13
7211,7211,0,9
7212,7212,0,5
7213,7213,0,4
7214,7214,0,1
7215,7215,0,-4
7216,7216,0,-12
7217,7217,0,-4
7218,7218,0,-1
7219,7219,0,9
7220,7220,0,4
7221,7221,0,14
7222,7222,0,6
7223,7223,0,5
7224,7224,0,7
7225,7225,0,14
7226,7226,0,10
7227,7227,0,4
7228,7228,0,12
7229,7229,0,14
7230,7230,0,9
7231,7231,0,19
7232,7232,0,11
7233,7233,0,12
7234,7234,0,10
7235,7235,0,12
7236,7236,0,6
7237,7237,0,13
7238,7238,0,19
7239,7239,0,11
7240,7240,0,13
7241,7241,0,20
7242,7242,0,15
7243,7243,0,9
7244,7244,0,15
7245,7245,0,11
7246,7246,0,19
7247,7247,0,16
7248,7248,0,15
7249,7249,0,10
7250,7250,0,21
7251,7251,0,9
7252,7252,0,14
7253,7253,0,13
7254,7254,0,19
7255,7255,0,13
7256,7256,0,14
7257,7257,0,9
7258,7258,0,18
7259,7259,0,9
7260,7260,0,15
7261,7261,0,10
7262,7262,0,7
7263,7263,0,10
7264,7264,0,16
7265,7265,0,17
7266,7266,0,12
7267,7267,0,11
7268,7268,0,7
7269,7269,0,0
7270,7270,0,7
7271,7271,0,11
7272,7272,0,17
7273,7273,0,7
7274,7274,0,8
7275,7275,0,11
7276,7276,0,3
7277,7277,0,-1
7278,7278,0,6
7279,7279,0,4
7280,7280,0,12
7281,7281,0,4
7282,7282,0,10
7283,7283,0,7
7284,7284,0,5
7285,7285,0,18
7286,7286,0,9
7287,7287,0,1
7288,7288,0,2
7289,7289,0,7
7290,7290,0,11
7291,7291,0,4
7292,7292,0,-1
7293,7293,0,-1
7294,7294,0,4
7295,7295,0,5
7296,7296,0,9
7297,7297,0,12
7298,7298,0,16
7299,7299,0,14
7300,7300,0,7
7301,7301,0,13
7302,7302,0,17
7303,7303,0,16
7304,7304,0,8
7305,7305,0,14
7306,7306,0,14
7307,7307,0,5
7308,7308,0,13
7309,7309,0,18
7310,7310,0,12
7311,7311,0,14
7312,7312,0,5
7313,7313,0,15
7314,7314,0,10
7315,7315,0,9
7316,7316,0,12
7317,7317,0,12
7318,7318,0,10
7319,7319,0,17
7320,7320,0,21
7321,7321,0,18
7322,7322,0,26
7323,7323,0,21
7324,7324,0,19
7325,7325,0,15
7326,7326,0,19
7327,7327,0,18
7328,7328,0,16
7329,7329,0,10
7330,7330,0,16
7331,7331,0,18
7332,7332,0,19
7333,7333,0,11
7334,7334,0,19
7335,7335,0,10
7336,7336,0,20
7337,7337,0,16
7338,7338,0,12
7339,7339,0,9
7340,7340,0,18
7341,7341,0,11
7342,7342,0,6
7343,7343,0,11
7344,7344,0,8
7345,7345,0,22
7346,7346,0,10
7347,7347,0,18
7348,7348,0,4
7349,7349,0,5
7350,7350,0,14
7351,7351,0,18
7352,7352,0,11
7353,7353,0,1
7354,7354,0,21
7355,7355,0,-2
7356,7356,0,10
7357,7357,0,10
7358,7358,0,4
7359,7359,0,6
7360,7360,0,2
7361,7361,0,11
7362,7362,0,11
7363,7363,0,7
7364,7364,0,9
7365,7365,0,5
7366,7366,0,6
7367,7367,0,7
7368,7368,0,6
7369,7369,0,14
7370,7370,0,1
7371,7371,0,-3
7372,7372,0,9
7373,7373,0,9
7374,7374,0,0
7375,7375,0,14
7376,7376,0,18
7377,7377,0,13
7378,7378,0,9
7379,7379,0,18
7380,7380,0,8
7381,7381,0,7
7382,7382,0,20
7383,7383,0,8
7384,7384,0,12
7385,7385,0,11
7386,7386,0,15
7387,7387,0,6
7388,7388,0,14
7389,7389,0,4
7390,7390,0,5
7391,7391,0,14
7392,7392,0,19
7393,7393,0,16
7394,7394,0,22
7395,7395,0,17
7396,7396,0,21
7397,7397,0,15
7398,7398,0,9
7399,7399,0,9
7400,7400,0,11
7401,7401,0,13
7402,7402,0,19
7403,7403,0,11
7404,7404,0,21
7405,7405,0,19
7406,7406,0,21
7407,7407,0,10
7408,7408,0,20
7409,7409,0,14
7410,7410,0,15
7411,7411,0,16
7412,7412,0,15
7413,7413,0,12
7414,7414,0,15
7415,7415,0,22
7416,7416,0,15
7417,7417,0,19
7418,7418,0,8
7419,7419,0,17
7420,7420,0,10
7421,7421,0,17
7422,7422,0,9
7423,7423,0,19
7424,7424,0,7
7425,7425,0,18
7426,7426,0,21
7427,7427,0,15
7428,7428,0,10
7429,7429,0,9
7430,7430,0,6
7431,7431,0,18
7432,7432,0,12
7433,7433,0,12
7434,7434,0,4
7435,7435,0,20
7436,7436,0,5
7437,7437,0,11
7438,7438,0,12
7439,7439,0,20
7440,7440,0,13
7441,7441,0,19
7442,7442,0,9
7443,7443,0,12
7444,7444,0,12
7445,7445,0,9
7446,7446,0,10
7447,7447,0,2
7448,7448,0,9
7449,7449,0,1
7450,7450,0,5
7451,7451,0,19
7452,7452,0,19
7453,7453,0,12
7454,7454,0,12
7455,7455,0,-2
7456,7456,0,6
7457,7457,0,8
7458,7458,0,8
7459,7459,0,15
7460,7460,0,19
7461,7461,0,1
7462,7462,0,7
7463,7463,0,4
7464,7464,0,11
7465,7465,0,9
7466,7466,0,8
7467,7467,0,15
7468,7468,0,12
7469,7469,0,15
7470,7470,0,17
7471,7471,0,21
7472,7472,0,11
7473,7473,0,7
7474,7474,0,14
7475,7475,0,20
7476,7476,0,19
7477,7477,0,25
7478,7478,0,19
7479,7479,0,22
7480,7480,0,29
7481,7481,0,20
7482,7482,0,12
7483,7483,0,15
7484,7484,0,17
7485,7485,0,13
7486,7486,0,13
7487,7487,0,13
7488,7488,0,15
7489,7489,0,20
7490,7490,0,20
7491,7491,0,18
7492,7492,0,18
7493,7493,0,11
7494,7494,0,11
7495,7495,0,8
7496,7496,0,15
7497,7497,0,11
7498,7498,0,21
7499,7499,0,19
7500,7500,0,6
7501,7501,0,12
7502,7502,0,17
7503,7503,0,19
7504,7504,0,13
7505,7505,0,16
7506,7506,0,10
7507,7507,0,4
7508,7508,0,14
7509,7509,0,6
7510,7510,0,7
7511,7511,0,10
7512,7512,0,12
7513,7513,0,10
7514,7514,0,9
7515,7515,0,7
7516,7516,0,16
7517,7517,0,12
7518,7518,0,16
7519,7519,0,11
7520,7520,0,16
7521,7521,0,15
7522,7522,0,16
7523,7523,0,1
7524,7524,0,6
7525,7525,0,2
7526,7526,0,1
7527,7527,0,21
7528,7528,0,15
7529,7529,0,25
7530,7530,0,18
7531,7531,0,20
7532,7532,0,14
7533,7533,0,2
7534,7534,0,2
7535,7535,0,6
7536,7536,0,9
7537,7537,0,4
7538,7538,0,6
7539,7539,0,0
7540,7540,0,2
7541,7541,0,7
7542,7542,0,9
7543,7543,0,5
7544,7544,0,2
7545,7545,0,16
7546,7546,0,9
7547,7547,0,16
7548,7548,0,16
7549,7549,0,18
7550,7550,0,25
7551,7551,0,28
7552,7552,0,17
7553,7553,0,15
7554,7554,0,19
7555,7555,0,9
7556,7556,0,12
7557,7557,0,14
7558,7558,0,16
7559,7559,0,18
7560,7560,0,17
7561,7561,0,16
7562,7562,0,13
7563,7563,0,6
7564,7564,0,17
7565,7565,0,11
7566,7566,0,18
7567,7567,0,13
7568,7568,0,13
7569,7569,0,16
7570,7570,0,18
7571,7571,0,15
7572,7572,0,19
7573,7573,0,16
7574,7574,0,14
7575,7575,0,23
7576,7576,0,19
7577,7577,0,13
7578,7578,0,13
7579,7579,0,12
7580,7580,0,17
7581,7581,0,11
7582,7582,0,11
7583,7583,0,16
7584,7584,0,6
7585,7585,0,15
7586,7586,0,16
7587,7587,0,9
7588,7588,0,29
7589,7589,0,17
7590,7590,0,15
7591,7591,0,15
7592,7592,0,14
7593,7593,0,27
7594,7594,0,24
7595,7595,0,11
7596,7596,0,8
7597,7597,0,19
7598,7598,0,2
7599,7599,0,7
7600,7600,0,3
7601,7601,0,1
7602,7602,0,13
7603,7603,0,6
7604,7604,0,1
7605,7605,0,5
7606,7606,0,3
7607,7607,0,-4
7608,7608,0,2
7609,7609,0,11
7610,7610,0,16
7611,7611,0,11
7612,7612,0,-1
7613,7613,0,3
7614,7614,0,10
7615,7615,0,12
7616,7616,0,4
7617,7617,0,8
7618,7618,0,9
7619,7619,0,15
7620,7620,0,19
7621,7621,0,12
7622,7622,0,15
7623,7623,0,14
7624,7624,0,16
7625,7625,0,16
7626,7626,0,7
7627,7627,0,13
7628,7628,0,14
7629,7629,0,16
7630,7630,0,18
7631,7631,0,17
7632,7632,0,19
7633,7633,0,18
7634,7634,0,8
7635,7635,0,14
7636,7636,0,5
7637,7637,0,15
7638,7638,0,12
7639,7639,0,19
7640,7640,0,16
7641,7641,0,23
7642,7642,0,14
7643,7643,0,24
7644,7644,0,16
7645,7645,0,13
7646,7646,0,8
7647,7647,0,17
7648,7648,0,13
7649,7649,0,17
7650,7650,0,20
7651,7651,0,15
7652,7652,0,20
7653,7653,0,23
7654,7654,0,18
7655,7655,0,9
7656,7656,0,12
7657,7657,0,11
7658,7658,0,8
7659,7659,0,17
7660,7660,0,14
7661,7661,0,13
7662,7662,0,8
7663,7663,0,9
7664,7664,0,11
7665,7665,0,16
7666,7666,0,12
7667,7667,0,14
7668,7668,0,8
7669,7669,0,13
7670,7670,0,19
7671,7671,0,17
7672,7672,0,12
7673,7673,0,24
7674,7674,0,18
7675,7675,0,11
7676,7676,0,9
7677,7677,0,6
7678,7678,0,5
7679,7679,0,7
7680,7680,0,9
7681,7681,0,6
7682,7682,0,25
7683,7683,0,12
7684,7684,0,5
7685,7685,0,17
7686,7686,0,19
7687,7687,0,3
7688,7688,0,5
7689,7689,0,7
7690,7690,0,13
7691,7691,0,11
7692,7692,0,13
7693,7693,0,9
7694,7694,0,14
7695,7695,0,19
7696,7696,0,20
7697,7697,0,19
7698,7698,0,9
7699,7699,0,5
7700,7700,0,12
7701,7701,0,18
7702,7702,0,16
7703,7703,0,13
7704,7704,0,17
7705,7705,0,6
7706,7706,0,15
7707,7707,0,5
7708,7708,0,6
7709,7709,0,4
7710,7710,0,8
7711,7711,0,19
7712,7712,0,21
7713,7713,0,8
7714,7714,0,13
7715,7715,0,4
7716,7716,0,20
7717,7717,0,14
7718,7718,0,11
7719,7719,0,13
7720,7720,0,20
7721,7721,0,18
7722,7722,0,15
7723,7723,0,18
7724,7724,0,13
7725,7725,0,19
7726,7726,0,18
7727,7727,0,11
7728,7728,0,8
7729,7729,0,10
7730,7730,0,9
7731,7731,0,16
7732,7732,0,7
7733,7733,0,19
7734,7734,0,14
7735,7735,0,17
7736,7736,0,11
7737,7737,0,4
7738,7738,0,13
7739,7739,0,18
7740,7740,0,17
7741,7741,0,12
7742,7742,0,28
7743,7743,0,20
7744,7744,0,10
7745,7745,0,12
7746,7746,0,9
7747,7747,0,21
7748,7748,0,15
7749,7749,0,8
7750,7750,0,11
7751,7751,0,24
7752,7752,0,7
7753,7753,0,16
7754,7754,0,15
7755,7755,0,17
7756,7756,0,12
7757,7757,0,5
7758,7758,0,3
7759,7759,0,7
7760,7760,0,12
7761,7761,0,18
7762,7762,0,11
7763,7763,0,15
7764,7764,0,7
7765,7765,0,13
7766,7766,0,8
7767,7767,0,11
7768,7768,0,8
7769,7769,0,8
7770,7770,0,1
7771,7771,0,9
7772,7772,0,4
7773,7773,0,2
7774,7774,0,11
7775,7775,0,0
7776,7776,0,6
7777,7777,0,1
7778,7778,0,-2
7779,7779,0,-4
7780,7780,0,14
7781,7781,0,9
7782,7782,0,14
7783,7783,0,10
7784,7784,0,5
7785,7785,0,11
7786,7786,0,15
7787,7787,0,9
7788,7788,0,6
7789,7789,0,15
7790,7790,0,9
7791,7791,0,12
7792,7792,0,20
7793,7793,0,7
7794,7794,0,24
7795,7795,0,21
7796,7796,0,9
7797,7797,0,15
7798,7798,0,13
7799,7799,0,10
7800,7800,0,7
7801,7801,0,8
7802,7802,0,7
7803,7803,0,4
7804,7804,0,17
7805,7805,0,12
7806,7806,0,22
7807,7807,0,9
7808,7808,0,8
7809,7809,0,16
7810,7810,0,18
7811,7811,0,18
7812,7812,0,18
7813,7813,0,22
7814,7814,0,19
7815,7815,0,15
7816,7816,0,16
7817,7817,0,18
7818,7818,0,12
7819,7819,0,6
7820,7820,0,16
7821,7821,0,12
7822,7822,0,15
7823,7823,0,8
7824,7824,0,9
7825,7825,0,8
7826,7826,0,12
7827,7827,0,13
7828,7828,0,12
7829,7829,0,12
7830,7830,0,7
7831,7831,0,13
7832,7832,0,8
7833,7833,0,1
7834,7834,0,4
7835,7835,0,-5
7836,7836,0,15
7837,7837,0,11
7838,7838,0,6
7839,7839,0,16
7840,7840,0,10
7841,7841,0,7
7842,7842,0,3
7843,7843,0,5
7844,7844,0,-1
7845,7845,0,7
7846,7846,0,8
7847,7847,0,2
7848,7848,0,9
7849,7849,0,2
7850,7850,0,6
7851,7851,0,10
7852,7852,0,-4
7853,7853,0,6
7854,7854,0,9
7855,7855,0,7
7856,7856,0,3
7857,7857,0,9
7858,7858,0,8
7859,7859,0,2
7860,7860,0,7
7861,7861,0,22
7862,7862,0,15
7863,7863,0,11
7864,7864,0,18
7865,7865,0,14
7866,7866,0,8
7867,7867,0,5
7868,7868,0,10
7869,7869,0,19
7870,7870,0,18
7871,7871,0,15
7872,7872,0,9
7873,7873,0,9
7874,7874,0,16
7875,7875,0,20
7876,7876,0,28
7877,7877,0,18
7878,7878,0,16
7879,7879,0,16
7880,7880,0,17
7881,7881,0,11
7882,7882,0,15
7883,7883,0,23
7884,7884,0,18
7885,7885,0,21
7886,7886,0,15
7887,7887,0,18
7888,7888,0,14
7889,7889,0,13
7890,7890,0,13
7891,7891,0,10
7892,7892,0,15
7893,7893,0,16
7894,7894,0,15
7895,7895,0,15
7896,7896,0,18
7897,7897,0,17
7898,7898,0,14
7899,7899,0,19
7900,7900,0,20
7901,7901,0,13
7902,7902,0,13
7903,7903,0,23
7904,7904,0,18
7905,7905,0,8
7906,7906,0,9
7907,7907,0,12
7908,7908,0,12
7909,7909,0,7
7910,7910,0,17
7911,7911,0,19
7912,7912,0,10
7913,7913,0,6
7914,7914,0,12
7915,7915,0,8
7916,7916,0,1
7917,7917,0,4
7918,7918,0,21
7919,7919,0,16
7920,7920,0,6
7921,7921,0,12
7922,7922,0,4
7923,7923,0,14
7924,7924,0,12
7925,7925,0,24
7926,7926,0,11
7927,7927,0,16
7928,7928,0,8
7929,7929,0,10
7930,7930,0,10
7931,7931,0,5
7932,7932,0,14
7933,7933,0,7
7934,7934,0,12
7935,7935,0,10
7936,7936,0,8
7937,7937,0,8
7938,7938,0,15
7939,7939,0,8
7940,7940,0,17
7941,7941,0,13
7942,7942,0,14
7943,7943,0,14
7944,7944,0,19
7945,7945,0,10
7946,7946,0,16
7947,7947,0,18
7948,7948,0,13
7949,7949,0,10
7950,7950,0,11
7951,7951,0,2
7952,7952,0,13
7953,7953,0,8
7954,7954,0,14
7955,7955,0,16
7956,7956,0,17
7957,7957,0,10
7958,7958,0,10
7959,7959,0,12
7960,7960,0,14
7961,7961,0,15
7962,7962,0,17
7963,7963,0,15
7964,7964,0,12
7965,7965,0,16
7966,7966,0,13
7967,7967,0,14
7968,7968,0,4
7969,7969,0,17
7970,7970,0,20
7971,7971,0,25
7972,7972,0,15
7973,7973,0,14
7974,7974,0,17
7975,7975,0,16
7976,7976,0,20
7977,7977,0,9
7978,7978,0,6
7979,7979,0,6
7980,7980,0,7
7981,7981,0,19
7982,7982,0,16
7983,7983,0,16
7984,7984,0,15
7985,7985,0,18
7986,7986,0,12
7987,7987,0,4
7988,7988,0,6
7989,7989,0,10
7990,7990,0,10
7991,7991,0,11
7992,7992,0,15
7993,7993,0,9
7994,7994,0,12
7995,7995,0,6
7996,7996,0,16
7997,7997,0,1
7998,7998,0,8
7999,7999,0,13
8000,8000,0,4
8001,8001,0,9
8002,8002,0,1
8003,8003,0,2
8004,8004,0,11
8005,8005,0,17
8006,8006,0,10
8007,8007,0,4
8008,8008,0,6
8009,8009,0,1
8010,8010,0,10
8011,8011,0,4
8012,8012,0,4
8013,8013,0,7
8014,8014,0,7
8015,8015,0,12
8016,8016,0,7
8017,8017,0,14
8018,8018,0,10
8019,8019,0,6
8020,8020,0,-1
8021,8021,0,1
8022,8022,0,3
8023,8023,0,20
8024,8024,0,11
8025,8025,0,12
8026,8026,0,12
8027,8027,0,2
8028,8028,0,18
8029,8029,0,10
8030,8030,0,10
8031,8031,0,11
8032,8032,0,13
8033,8033,0,9
8034,8034,0,2
8035,8035,0,13
8036,8036,0,15
8037,8037,0,15
8038,8038,0,17
8039,8039,0,11
8040,8040,0,10
8041,8041,0,16
8042,8042,0,13
8043,8043,0,13
8044,8044,0,12
8045,8045,0,8
8046,8046,0,15
8047,8047,0,8
8048,8048,0,12
8049,8049,0,20
8050,8050,0,19
8051,8051,0,20
8052,8052,0,18
8053,8053,0,7
8054,8054,0,7
8055,8055,0,9
8056,8056,0,11
8057,8057,0,18
8058,8058,0,23
8059,8059,0,20
8060,8060,0,17
8061,8061,0,10
8062,8062,0,16
8063,8063,0,5
8064,8064,0,17
8065,8065,0,25
8066,8066,0,13
8067,8067,0,11
8068,8068,0,11
8069,8069,0,13
8070,8070,0,4
8071,8071,0,2
8072,8072,0,10
8073,8073,0,11
8074,8074,0,7
8075,8075,0,5
8076,8076,0,7
8077,8077,0,8
8078,8078,0,6
8079,8079,0,7
8080,8080,0,7
8081,8081,0,10
8082,8082,0,9
8083,8083,0,15
8084,8084,0,1
8085,8085,0,2
8086,8086,0,9
8087,8087,0,10
8088,8088,0,7
8089,8089,0,4
8090,8090,0,4
8091,8091,0,9
8092,8092,0,-1
8093,8093,0,2
8094,8094,0,8
8095,8095,0,22
8096,8096,0,21
8097,8097,0,19
8098,8098,0,14
8099,8099,0,13
8100,8100,0,13
8101,8101,0,13
8102,8102,0,13
8103,8103,0,7
8104,8104,0,6
8105,8105,0,13
8106,8106,0,11
8107,8107,0,13
8108,8108,0,16
8109,8109,0,10
8110,8110,0,19
8111,8111,0,12
8112,8112,0,20
8113,8113,0,15
8114,8114,0,14
8115,8115,0,6
8116,8116,0,19
8117,8117,0,22
8118,8118,0,21
8119,8119,0,18
8120,8120,0,18
8121,8121,0,21
8122,8122,0,9
8123,8123,0,12
8124,8124,0,13
8125,8125,0,26
8126,8126,0,26
8127,8127,0,15
8128,8128,0,28
8129,8129,0,19
8130,8130,0,12
8131,8131,0,13
8132,8132,0,28
8133,8133,0,20
8134,8134,0,19
8135,8135,0,23
8136,8136,0,21
8137,8137,0,15
8138,8138,0,6
8139,8139,0,4
8140,8140,0,15
8141,8141,0,15
8142,8142,0,27
8143,8143,0,11
8144,8144,0,13
8145,8145,0,8
8146,8146,0,18
8147,8147,0,10
8148,8148,0,2
8149,8149,0,9
8150,8150,0,5
8151,8151,0,13
8152,8152,0,9
8153,8153,0,9
8154,8154,0,9
8155,8155,0,10
8156,8156,0,18
8157,8157,0,16
8158,8158,0,4
8159,8159,0,8
8160,8160,0,9
8161,8161,0,13
8162,8162,0,6
8163,8163,0,14
8164,8164,0,13
8165,8165,0,9
8166,8166,0,5
8167,8167,0,1
8168,8168,0,4
8169,8169,0,9
8170,8170,0,8
8171,8171,0,8
8172,8172,0,9
8173,8173,0,6
8174,8174,0,11
8175,8175,0,6
8176,8176,0,8
8177,8177,0,3
8178,8178,0,12
8179,8179,0,12
8180,8180,0,11
8181,8181,0,6
8182,8182,0,19
8183,8183,0,15
8184,8184,0,14
8185,8185,0,22
8186,8186,0,16
8187,8187,0,13
8188,8188,0,27
8189,8189,0,13
8190,8190,0,15
8191,8191,0,8
